Debug information start...

-4.54584e-15	-0.0175823
-0.00578173	-0.0161633
-0.00140491	-0.0105341
0.00219812	-0.0141612
0.000767943	-0.0226375
-0.00573088	-0.0245356
0.00471541	-0.0131834
-0.0062369	0.0248282
-0.00658451	-0.0382503
0.0177388	-0.00881519
0.00195387	-0.0649647
-0.000597951	-0.0747324
-0.00422336	0.00432665
-0.019571	-0.0145434
-0.0275764	0.0169612
-0.00106967	-0.0517202
0.0136363	0.00873859
-0.0195054	0.024097
-0.000588838	-0.0424689
-0.00367876	0.0255044
-0.00548878	-0.0168825
0.0297731	-0.0763012
-0.0269204	0.0282058
0.100493	-0.115642
0.0162085	-0.0579066
-0.0174337	-0.00879269
-0.00324417	-0.0104749
0.0721979	-0.0405048
-0.00818922	0.0108048
0.0435186	-0.0323382
-0.0336199	-0.0549357
-0.0629554	-0.104748
0.0666684	-0.140542
-0.00101674	-0.00595323
0.031705	-0.0399885
0.0758315	-0.0556106
-0.0348606	-0.0432438
-0.105052	-0.0262322
-0.140175	-0.0848676
0.0181662	-0.0234866
-0.0670408	-0.0359248
0.129116	-0.114454
-0.0622206	0.0313539
0.0508691	-0.0269024
0.0277085	-0.0791477
0.0201761	0.0322572
0.0603901	-0.0196791
0.162233	0.210729
-0.226765	0.0352223
-0.0642804	0.0329225
0.129507	0.0449367
-0.0810343	-0.0465862
0.141186	-0.0296963
0.0621646	-0.165345
0.0439866	-0.407625
0.0201646	-0.106952
0.23049	-0.350341
-0.0232978	0.0846606
0.130389	0.0437459
-0.140399	0.126024
0.0506436	-0.0635102
0.226292	0.0485616
-0.0179094	0.0223585
-0.103921	-0.0976174
0.167759	0.0331086
-0.086742	0.184576
-0.118906	-0.0527051
-0.208732	-0.262044
-0.029235	-0.40413
-0.0109581	0.0719178
0.220387	-0.638549
-0.143441	-0.242518
0.195404	0.131857
-0.0442584	-0.160966
-0.144241	-0.198364
-0.0977143	0.202635
0.507489	0.176682
0.634844	0.0847515
0.183282	-0.180093
0.705999	0.431317
0.31667	-0.142319
-0.22338	-0.149323
-0.0261135	-0.00706754
-0.16406	0.271487
-0.107866	0.104423
0.0157621	-0.0655263
0.0529811	0.109311
-0.59309	-0.441095
-0.292826	0.00586978
-0.0654797	-0.307903
0.128041	-0.0162877
0.0671661	-0.0785865
0.174366	0.343156
0.226618	0.104826
-0.31531	-0.266635
-0.11818	-0.0302439
0.117331	0.102541
0.0212466	-0.0419701
0.104329	0.0972134
-0.613015	-0.184918
0.203815	-0.10876
-0.306015	0.0250014
-0.0148678	0.0682125
0.00159556	0.0348836
0.0381143	0.306975
0.0876344	0.117791
-0.0418324	-0.0172668
-0.200195	-0.0219458
0.0019716	-0.157276
0.222428	0.204935
-0.176005	0.130119
0.00542355	0.00900329
-0.0836769	0.121708
-0.106356	0.0145668
-0.188935	0.0670724
-0.132523	0.336275
-0.463535	-0.0476387
-0.0309695	0.0398023
0.151007	-0.0313026
-0.157053	-0.246875
0.0576516	0.0741238
0.0885068	-0.108834
0.0869158	0.170997
-0.0414162	-0.0455105
-0.082453	-0.0402921
-0.0187475	0.000957631
-0.0370421	0.0137487
0.125944	0.092611
0.109295	-0.159826
0.0636744	-0.137274
0.026968	0.00934841
-0.0479503	-0.0187317
-0.0357258	0.0875554
-0.0125956	-0.0589391
0.116474	0.403087
0.0852571	-0.165626
0.0675208	-0.161728
-0.0733216	0.193411
-0.0745533	0.0112933
0.00385889	0.0286905
-0.0838347	-0.00261749
0.0734768	0.102526
-0.0806958	-0.0168585
0.0141647	0.0780455
0.114815	-0.0170494
-0.0711934	0.00758783
0.0560635	-0.0251165
0.00213803	0.0814162
-0.0586271	0.0534689
-0.0622347	-0.0721094
0.0914587	0.0147114
-0.039107	-0.0753574
-0.0844281	-0.126844
-0.0835463	-0.024321
0.0297719	-0.125851
-0.00972471	-0.100414
0.0162172	0.00867694
0.0907953	-0.0443423
-0.104186	-0.0878533
0.0757204	-0.0553406
0.00367507	-0.0523712
0.0645232	-0.0045175
0.0801877	-0.00321856
0.0934222	0.0645707
0.0351729	0.0797805
-0.0420488	-0.0347595
0.0477843	0.133869
0.101482	-0.0181885
0.0738172	0.0491438
-0.0117356	0.0716602
0.0053742	0.0453953
0.0660885	-0.0223048
-0.0416298	-0.0526034
-0.0513242	-0.055401
-0.0450641	-0.0522515
0.000363581	0.00974702
-0.102562	-0.0204843
0.00202208	-0.0320103
0.040718	-0.0104558
-0.0212074	-0.100941
-0.0662431	-0.0520849
0.00821294	-0.108992
-0.026038	0.045347
-0.0383064	-0.00357591
-0.00139123	0.0178835
-0.0784433	-0.0400006
0.0143942	-0.0690693
-0.0156305	-0.0608602
0.0546536	-0.0996147
-0.00577838	-0.00510078
0.0731068	-0.0497233
0.0614025	0.0224947
0.0358486	0.0194464
0.0308538	-0.00622896
0.00035755	-0.0306442
0.0497401	-0.0193184
0.0264732	-0.0609439
-0.00874093	0.0227358
-0.0535033	0.118455
-0.0192695	0.07134
-0.0470245	-0.0780567
0.00139247	-0.0603018
0.0323865	-0.0619061
0.0360272	0.0252566
-0.0610512	0.0928315
-0.0662812	-0.0412174
-0.080416	9.68546e-05
-0.0935578	-0.0309941
0.00668005	0.0192989
-0.00978407	-0.00848908
-0.0427023	0.0793741
0.0123424	-0.0569785
0.0223681	-0.00418341
-0.103732	-0.000462117
0.0304759	-0.00650202
-0.0168732	-0.0450809
-0.0226934	0.0395498
0.0496487	-0.040708
-0.0681924	0.0279777
0.0607154	-0.024301
-0.0523041	-0.0410005
-0.0338295	-0.0280815
0.019963	-0.0154429
-0.0572455	-0.015274
-0.00286	0.0273084
0.0418975	-0.0122372
0.0150947	0.0245714
-0.0248396	0.0189678
0.0299119	0.0797136
-0.0384688	0.0134992
-0.0221508	1.62104e-05
0.0345523	0.0622575
-0.0167391	-0.0509195
-0.00253017	-0.0231079
-0.0934966	0.0103938
0.0393377	-0.0123145
-0.0277353	-0.0132952
-0.00488278	-0.0220682
0.014781	-0.0607636
-0.0157411	-0.0438591
-0.0428902	-0.0122813
0.0234159	-0.0170141
-0.0261954	-0.0298628
0.0434617	-0.0127439
0.0533015	0.0245843
-0.0460056	0.0123109
-0.0592457	-0.0720271
-0.0472285	-0.00956003
-0.0196848	-0.0101512
-0.00736756	-0.0147834
0.00448845	0.0176076
0.0328387	0.031241
0.0148718	-0.0643292
0.00962036	-0.00713166
0.0250863	-0.0816305
-0.000144756	-0.0548522
-0.0136753	0.0280231
-0.00357798	0.0661037
-0.0127853	0.00921717
-0.0285304	0.0170935
0.0416636	-0.0254029
0.000266728	-0.0209284
0.0327044	0.0205019
0.00838672	-0.0792231
0.00863589	0.0165627
-0.00543374	-0.022467
0.0246378	0.0445107
-0.0351394	-0.0328635
0.00939784	0.038933
0.024412	0.0433294
-0.0397085	-0.0715864
0.0309221	-0.0466087
0.0136388	-0.0077091
-0.00440264	0.0238179
0.0058934	0.0190344
0.0107343	0.0203543
-0.0128913	-0.0211193
0.0351828	-0.0300874
-0.0102132	-0.0362032
-0.034533	0.0215641
0.0011549	0.00926298
-0.00728771	-0.0521109
0.0081437	-0.0666326
0.00638445	-0.0676033
-0.0268677	-0.00942645
0.00765305	0.00155068
0.072411	0.0425425
0.0140476	-0.0437626
-0.0533681	0.0143034
-0.0420713	-0.00881547
-0.0119147	-0.0334738
-0.00313448	0.0241135
0.0306933	0.0261332
0.0139054	-0.107854
-0.0322934	-0.0166518
-0.0277067	-0.0407315
-0.0634085	-0.0484646
-0.0075737	0.0202763
-0.0996186	-0.0562269
-0.0138139	-0.0195797
-0.0373896	0.0305997
0.0102114	-0.010049
0.0224154	-0.013766
0.0204873	0.0138889
-0.00840204	-0.0536043
-0.0305533	0.017925
-0.0338786	-0.101875
-0.0628363	0.0123799
-0.0383026	-0.00727334
-0.0189166	-0.0105504
-0.0799322	-0.038034
-0.137067	0.0015925
0.113575	0.0352628
0.102805	-0.00817887
-0.00573845	-0.0525133
0.0585235	-0.0369519
-0.0101195	-0.0477831
-0.00880382	0.0100408
-0.0177932	-0.0367729
-0.0227576	-0.0461331
0.0577273	-0.00158191
0.0190372	-0.0171255
-0.0157661	0.00637685
0.0339123	-0.041302
-0.0177266	0.0107773
0.0656128	-0.0400957
-0.0328934	0.00745711
-0.0111766	-0.0842837
-0.00360079	-0.0180663
-0.0384102	-0.0382156
-0.00683402	0.0167601
0.0307931	-0.0348697
-0.0368904	0.0488865
-0.0123168	0.0295913
0.0200373	-0.0160109
0.0194057	-0.0118336
0.0274991	-0.0210064
-0.00845565	-0.0670552
-0.00165319	-0.0174503
-0.0336303	-0.0492976
0.00348105	-0.049605
-0.0234267	-0.0460604
-0.0132018	-0.0641597
0.0259227	-0.0197311
-0.00233808	0.0230286
-0.00901731	-0.00853406
0.00346115	-0.0114328
-0.00871897	-0.0419004
-0.0152813	-0.0641196
-0.0390222	0.00248622
0.00879331	0.06966
-0.0209607	0.216005
-0.100883	-0.0960967
-0.0304585	0.0309427
0.0101701	0.0354384
-0.0396993	0.0292908
0.0307966	-0.00339973
-0.0271746	-0.00264366
0.0457497	0.00420295
0.0766455	-0.0338066
-0.000202181	-0.00359641
0.0112104	0.0472712
-0.00187029	0.0033317
-0.0300781	0.0428061
0.0370499	0.0317519
-0.0237419	-0.0471366
0.0501122	0.00193225
-0.0590732	-0.0391217
-0.0563044	0.0382175
-0.0462558	-0.0248862
-0.0518499	0.0209402
0.0349475	-0.0187163
0.0218118	-0.00214011
0.0172	-0.0504308
0.011324	-0.00417846
-0.0169896	0.00445834
-0.0254627	-0.0558708
-0.00394945	0.041635
-0.0498121	0.0213629
-0.0362714	-0.0323472
0.0329738	0.0195828
-0.0375548	0.0111484
0.00409115	0.0229883
-0.0342337	-0.0114412
-0.00248018	-0.0723091
-0.00697297	-0.00714382
0.079757	-0.00111466
-0.00953632	-0.0125504
0.0806668	-0.0678624
0.0318144	0.0499837
-0.0548824	0.0170512
0.0621697	0.0503927
0.0730429	-0.117047
0.00582289	-0.0174508
0.0179309	-0.061972
0.0443364	-0.0363442
0.00651381	0.0057163
-0.00939018	-0.000488145
-0.0763446	0.0584486
0.0166659	-0.0632596
-0.00414267	0.003376
0.0267188	-0.022881
-0.000770201	-0.0339886
-0.0204415	0.0117964
0.0112984	-0.0377446
-0.0478266	-0.0120365
-0.0226046	-0.0307484
-0.00721662	0.0259372
-0.0177794	-0.0475329
-0.0399376	0.00310036
-0.0491068	0.000670309
-0.0172561	0.0183667
0.0137102	-0.0239116
-0.0262853	0.0238561
-0.00209659	0.00995018
0.0521672	-0.0545671
-0.017932	0.0471513
-0.0842117	-0.0247245
-0.0103745	0.00922666
-0.0293139	-0.0323606
-0.0407805	0.0651189
0.00706444	-0.0166117
-0.0179975	0.0515656
-0.0600672	-0.00393003
-0.0591384	-0.0196786
0.0473744	-0.0613405
-0.0316065	-0.0353374
-0.0118866	-0.0203679
-0.0628236	-0.0240682
-0.0799193	-0.0147944
0.0395006	-0.0499915
-0.0357666	-0.0108013
0.00838436	-0.0513643
-0.0302826	0.0231736
-0.0124583	-0.0462907
0.0325969	-0.0164505
0.00848804	0.00957853
-0.023252	0.0349922
0.0125464	-0.0120155
0.00150305	-0.0788023
-0.0471577	-0.0481942
-0.0085918	0.0275073
0.0220969	-0.0241187
-0.0196676	-0.0756336
-0.00312567	0.00452669
0.0161289	-0.075148
0.00522694	-0.013506
-0.0125336	-0.0685362
0.0617384	0.0304059
0.0352389	-0.0114492
-0.0948811	-0.079654
-0.0208552	-0.0338505
-0.113027	-0.0589476
-0.0289608	-0.136997
-0.0243408	-0.00128093
-0.00111999	-0.00459274
-0.0520787	0.0413532
-0.0478624	-0.116355
-0.066918	-0.234914
-0.125425	1.35743
0.889765	0.121284
0.0390161	0.0767254
0.0141043	0.0589937
-0.00458909	-0.00462981
-0.0376695	0.0338798
-0.00808863	0.00951043
0.00152612	0.0762653
0.0361484	0.0413677
0.0125495	0.0867758
-0.0268494	0.0132142
0.0219765	-0.0138607
0.0126044	0.0555495
0.0429056	0.0537992
-0.018723	0.0556856
0.0158099	-0.00930253
0.0223539	0.024317
-0.00486996	0.0383586
0.0503546	0.0365456
-0.0208668	-0.0544941
-0.0825281	0.0383559
-0.0404462	0.00582226
0.0381476	0.031933
-0.0281335	0.0347397
-0.066311	0.0673921
-0.0750049	0.137318
-0.0423708	0.0779759
-0.104153	0.562418
-0.510094	-0.349832
0.279056	-0.206548
0.147671	-0.0466034
0.10506	-0.0621523
0.119306	-0.114435
0.0629929	-0.0640949
-0.0627786	-0.12589
0.0257484	-0.0848373
-0.0276512	0.02611
0.00577333	-0.0375252
0.0537453	-0.0383547
-0.0488454	-0.0576679
0.0225335	-0.0852289
0.0295982	-0.0187994
-0.0171754	-0.0865273
-0.0013185	-0.0531567
0.0341323	-0.0865158
0.0502232	0.0420942
-0.00565727	-0.063696
-0.0348638	-0.0277585
-0.0330642	-0.0338701
0.0397548	0.0169288
0.0179059	-0.0435914
-0.00203876	-0.0127858
-0.0622974	0.0737982
-0.00283136	-0.0630931
-0.0121623	0.0532576
-0.020704	-0.162368
-0.00776861	-0.0298818
0.0333812	0.0261402
-0.0169195	-0.0476554
-0.0666045	0.0476992
0.0601823	-0.0353976
0.073046	0.00963517
0.0240868	-0.043407
-0.0630724	-0.0248404
0.0208102	-0.0538762
-0.00963414	0.0227937
0.0102607	-0.0336064
0.0117846	-0.0929938
-0.0119636	-0.229276
-0.00186209	0.0360238
0.0310812	0.0064913
-0.0544674	0.015861
-0.0193778	0.0213855
-0.024767	-0.0525509
-0.0363325	-0.0296968
-0.0600736	-0.00807095
-0.0711615	-0.0887475
-0.0154415	-0.0311093
-0.0740684	-0.01094
0.0211997	-0.0119828
-0.108344	0.0170808
-0.0558458	-0.0528586
-0.05302	0.00196896
0.00769761	0.0311073
0.00562162	-0.0423561
-0.0478511	-0.0379633
0.0335441	0.0147128
-0.0595359	-0.0703792
-0.0331729	-0.0280021
-0.0476162	-0.0244383
-0.00473675	-0.0642132
-0.041017	-0.0392604
-0.0536517	-0.0742092
-0.00143411	-0.0692575
-0.0766212	-0.0368911
0.0253425	-0.0244056
-0.0772856	-0.0161955
-0.00734763	-0.0590822
0.0233852	0.0238306
0.0145637	0.0323959
0.000267469	-0.0395065
-0.0234861	0.0189215
-0.0341897	-0.00934044
-0.0734288	-0.0571416
-0.00959928	-0.0581751
-0.00995818	0.0222778
-0.0231772	0.0117679
-0.0338446	-0.00310973
0.0328291	-0.0617842
-0.0804112	-0.0336737
-0.101305	-0.13076
0.00849766	-0.0763774
-0.00660628	0.075946
-0.0689686	0.128104
-0.0326156	-0.0780927
0.0130693	-0.095672
0.023544	-0.0509931
0.00651772	-0.0249008
-0.0108567	-0.0219729
-0.0100528	-0.0372645
-0.0394254	0.0232234
-0.0697711	-0.0219681
0.0168138	-0.0307955
-0.153074	-0.0328729
-0.0765619	0.0178142
-0.0626023	-0.0864476
-0.0856485	-0.0268029
0.0126602	-0.0144127
-0.0102959	-0.0958761
-0.053347	-0.0107473
-0.0930412	-0.00424212
-0.0801924	-0.11923
-0.0239436	0.00024251
-0.0420994	-0.16335
-0.0627645	0.0153554
-0.0491161	-0.05011
-0.0144423	-0.061989
-0.0567715	-0.107653
-0.014348	-0.0247851
-0.0550284	0.0178628
-0.0679354	-0.0357382
-0.0353691	-0.114629
-0.0186911	-0.0673835
-0.0372825	-0.113022
-0.052657	-0.0907946
-0.0552831	-0.01129
-0.035998	-0.0345819
0.0027934	0.110525
-0.0382806	0.0131289
-0.0249266	-0.0647172
-0.00717066	0.0423081
-0.0627999	0.0369693
-0.112897	-0.126109
-0.076021	-0.0039665
0.0100142	0.054724
-0.0126892	-0.145693
-0.0820651	0.0821771
-0.0505563	-0.163028
-0.0605381	-0.0641958
-0.0968494	-0.104252
-0.0157323	-0.0937858
-0.0268175	-0.0297136
-0.12943	-0.100422
-0.0225852	0.116119
-0.0813416	-0.00329434
0.0508522	-0.0675464
-0.0963324	0.0217387
-0.169071	-0.0262447
-0.0747975	-0.041274
0.00653094	-0.0296251
-0.0799842	-0.0870558
0.0177761	-0.0087595
-0.016309	0.0126476
-0.146207	-0.0772348
-0.0294637	-0.109298
-0.041868	-0.0631845
-0.139129	0.00897245
-0.0309524	-0.0589502
-0.0894193	-0.0599581
-0.213641	-0.0663835
-0.105353	-0.0876114
-0.084747	-0.12135
-0.132887	-0.0669514
-0.12582	-0.189052
-0.15676	-0.1307
-0.0915005	-0.0628594
-0.133373	-0.0986011
-0.100143	-0.106489
-0.136675	-0.160359
-0.147999	-0.205353
-0.100572	-0.138696
-0.118341	-0.0979461
-0.244226	-0.0647705
-0.0838129	-0.307264
-0.310271	-0.143359
-0.375817	-0.230096
-0.424289	-0.22596
-0.40249	-0.369481
-0.357329	-0.550856
-0.570912	-0.546588
-0.573092	-0.719287
-1.02751	-0.867052
-1.14193	-1.65639
-1.75016	-5.20319
-7.78701	3.22926
4.77811	1.55784
1.76642	0.960664
1.14253	0.636185
0.898663	0.476819
0.666957	0.420501
0.578041	0.221677
0.396782	0.335571
0.441186	0.293195
0.288242	0.291863
0.291462	0.159583
0.414023	0.145121
0.217349	0.13333
0.321859	0.183344
0.207676	0.195429
0.141131	0.083615
0.141377	0.0767719
0.140635	0.0599269
0.133462	0.108328
0.13149	0.129801
0.101876	0.18917
0.117432	0.0478655
0.0979081	0.0648676
0.183222	0.0205242
0.0990585	0.183106
0.112207	0.0851845
0.154237	0.0935498
0.101827	0.00806811
0.146036	0.0794854
0.125957	0.0920992
0.0909198	0.0988078
0.0432934	0.0368766
-0.0118198	0.121013
0.130253	0.0572337
0.0843182	0.0987194
0.0958576	0.0953318
0.0420316	0.0675752
0.0196766	0.00403068
0.111526	0.0351055
0.0381396	0.141464
0.00174392	0.224739
0.0818394	0.0251409
0.0421466	0.104277
0.083691	-0.018135
0.0551355	0.0313714
0.0728892	-0.070837
0.0705617	0.0603176
-0.0256033	0.054333
0.0893293	0.030759
0.0426599	0.037405
0.0734671	0.121184
0.0547056	0.0555445
0.0829844	-0.0304643
0.00222634	0.0242832
-0.00259627	-0.00206255
0.0512003	0.0624051
0.0287964	0.0469402
0.10618	0.0422581
0.00894714	0.0439639
0.0324618	-0.00804244
-0.000121484	-0.0336572
0.0498336	-0.0161534
0.0171743	0.000164837
-0.00169345	-0.0829782
0.0605287	0.0221285
0.0559143	0.0665579
0.0393917	0.00473531
0.0552019	0.00454917
0.0639214	0.0869137
-0.0364128	0.046291
-0.0114981	0.0796598
0.0185024	0.0780729
0.0403739	0.0506493
0.0187527	0.0635873
0.00901671	0.00438727
0.0785735	0.00207583
0.0283926	0.0791006
0.0741933	0.0833537
0.0747084	0.115584
0.112683	0.0266079
0.075358	0.0588484
-0.0944351	0.00119438
0.0130375	-0.0505042
0.0150174	-0.00294435
0.0383146	0.0750669
0.031087	0.0545977
0.069823	-0.122852
0.0884538	-0.0670507
0.0720476	-0.0294825
0.0520008	0.0565875
0.0541859	-0.0107057
0.129	0.0342585
0.0509967	0.0312422
-0.00673184	0.030706
0.0777472	0.129229
-0.0364449	0.0573926
0.140219	0.0176542
0.0795488	0.0375845
0.0804434	0.000784336
0.00474062	0.00808626
0.0528642	0.0827389
-0.0164967	0.0298216
0.00413609	0.073225
0.0593358	0.0251824
0.0177606	-0.0395683
0.00881601	0.0446623
-0.00246862	0.0498192
0.00431799	0.0072166
0.0972346	-0.0139419
0.0765642	0.00171184
-0.0570278	0.0690476
-0.00923007	0.0995689
-0.0429126	-0.00820201
0.0356637	0.0065356
0.0655045	0.0639622
0.0293657	0.0246819
0.0495469	0.050009
0.00239257	0.056312
0.0452167	0.0493148
2.10882e-05	0.027258
0.0608418	0.0862099
0.00208095	0.0380615
-0.0365906	0.0878911
-0.0148096	0.0272723
-0.0102426	0.026973
0.0268091	0.0294818
-0.0445253	0.14265
0.0129116	0.0774292
-0.220823	-0.698623
0.0512511	-0.140174
0.0387076	-0.0928173
0.037125	-0.0573341
0.0586958	0.0168197
0.0574526	0.0172142
0.0794317	0.0547487
0.164651	-0.163716
-0.267196	-0.0855721
-0.0708761	-0.0016893
-0.0256314	-0.00440695
0.0164724	-0.00670519
0.035914	0.0161358
0.0347719	-0.0349031
0.0780468	-0.0405353
0.0104496	-0.00556694
-0.000743395	-0.0227841
0.0356317	-0.0202105
-0.0114598	0.0262678
0.0565904	0.0660087
-0.00976522	-0.0592736
0.0657838	-0.100202
-0.0181558	0.0370228
-0.0244829	0.0288102
0.0380584	0.0121884
-0.025562	0.0426124
0.0170577	-0.0297624
-0.0177052	0.0311167
-0.061321	0.00289616
-0.0128883	-0.0468235
0.0205568	-0.00548631
0.0426136	0.0257973
0.0579549	0.00132267
-0.00953037	0.026522
0.0467747	-0.0437442
-0.0225134	0.0237367
0.0249462	0.00310124
-0.0011162	-0.0274421
0.0316707	0.0228013
0.0159471	0.0127011
0.0128538	0.0430776
-0.0157476	-0.018071
-0.0585387	0.0176217
0.0230715	0.0455149
-0.0237359	0.0291697
0.0367108	0.015975
-0.0433595	-0.000705917
-0.06453	-0.0403771
-0.187378	-0.0155663
0.131948	0.0309051
0.0985325	0.0102443
0.039137	-0.0396691
0.0334188	0.00788697
0.0753461	-0.0196119
-0.000890897	0.109654
0.0171537	-0.0362238
-0.0268742	-0.0038224
-0.0456715	-0.0762626
-0.00431687	-0.0385391
0.0642102	0.00447078
0.0402325	-0.0425112
0.0304872	0.0448278
0.0511544	0.0355491
0.0266423	0.0743331
0.107151	-0.0227616
-0.0764434	0.0189157
0.0283257	-0.0975812
0.00697639	0.0171822
0.0525994	-0.00488891
0.0307157	0.0468495
0.0305349	0.107689
-0.00467483	0.0523883
0.00959441	0.0431625
0.0590827	-0.0364026
0.00995346	0.0239582
-0.0343864	0.0132436
0.106388	0.0609968
0.0288553	-0.00740667
0.0322046	-0.0814313
-0.0245583	0.0421272
0.0128755	0.0550017
0.0262273	0.037683
0.0459272	0.00450944
0.0600401	0.0232003
0.0434148	-0.00382192
0.011465	0.0568417
0.0288291	0.0451077
0.0274843	0.068101
-0.0527589	0.0947708
-0.0820157	-0.0686097
-0.014038	-0.0772237
0.0890394	0.00150918
0.0376906	-0.0537908
-0.0151452	-0.0352394
-0.000303092	-0.046536
-0.00804515	-0.00724237
0.0234816	0.0220323
-0.0247985	0.0308982
-0.00323437	-0.0325086
-0.0465962	-0.00557046
-0.0189616	-0.0130984
-0.0209507	-0.0405619
-0.0830392	-0.029338
-0.0087293	0.0433799
0.0622554	0.0479613
0.0496152	0.0429738
0.0233996	-0.0027095
-0.0115076	0.0196526
-0.0553988	0.00455566
-0.0277768	0.0663816
0.00591217	-0.016539
0.0391421	0.0318037
0.0366518	-0.0201276
0.0367654	-0.0775578
-0.0371975	-0.0251772
-0.0159754	0.0173119
0.00557823	-0.00279281
0.0275978	-0.0295078
0.0510256	0.0109597
0.00884869	0.00757211
0.0355152	0.0110992
0.0855922	0.00858406
0.00606804	0.00378677
-0.067243	0.0317502
0.057956	-0.0269364
0.0179006	0.0796484
0.0117511	-0.00202338
-0.0155818	0.0674717
0.084168	0.071358
0.0976505	0.0414142
0.0199589	0.0874581
-0.0146571	0.0265723
0.0503212	-0.0635999
-0.0222299	0.0301151
-0.0205027	0.0370308
-0.0345068	-0.0489592
0.0192104	0.0656028
-0.018043	-0.0387129
-0.060244	0.0582324
0.00293369	-0.0539031
0.0294897	0.0411092
0.0505431	-0.00357563
-0.0230983	-0.0468006
0.00817078	-0.0106622
0.0332795	0.0129462
0.0285062	-0.0266714
0.0356802	-0.0508195
0.0816965	-0.00138019
-0.00892553	-0.00411521
-0.042327	0.0234535
-0.0810108	0.0184715
0.000207427	-0.0473727
0.0205077	0.0697969
-0.0148283	-0.000172981
0.0345384	-0.0350062
0.00146228	-0.0634059
-0.0323587	0.0347846
0.0432741	-0.0110425
0.00526263	-0.0197527
0.0122662	0.0781487
-0.00619161	-0.00805874
-0.0127572	0.00351993
-0.0371145	0.0409757
0.0230518	-0.0115884
0.0383279	0.0560446
-0.00381616	-0.0409408
0.0382493	-0.0457001
0.0211755	-0.0161196
-0.0359574	-0.0152923
-0.0236608	-0.0122361
0.0227219	-0.0262167
0.0336777	0.0282494
-0.0131297	0.0298264
-0.0917709	0.0174483
-0.0556163	-0.0537653
0.016651	0.0306646
0.0396618	0.0643745
-0.022473	0.0140286
0.0335631	-0.0390354
-0.0490029	-0.0661088
0.0565498	0.0475055
-0.080499	-0.012392
0.0329763	0.0483192
-0.0716584	-0.0860654
0.217293	-0.0267434
0.10765	-0.0282885
0.00108767	0.0491174
-0.0111895	-0.0327195
0.0593095	-0.03187
-0.00719323	-0.0601739
0.0248532	0.0113454
0.0125995	-0.00879004
-0.016325	-0.0393441
0.0037639	-0.0381819
0.0540471	-0.0305162
0.0651818	0.0129864
0.0748207	-0.00949209
0.0197288	0.0157159
-0.0137349	0.0362246
-0.0205848	-0.0271742
-0.0742598	-0.0382093
0.00496412	-0.0250424
0.0108161	0.0510116
-0.0301145	-0.0314222
-0.0211969	0.0417265
-0.0198079	0.0814302
-0.000652796	-0.0320805
0.0142867	-0.0309499
-0.0277296	-0.0301205
-0.0198702	-0.0659743
-0.00684747	-0.0206662
-0.00345026	-0.0529114
-0.0416898	-0.00759471
0.0161458	-0.0138395
0.0098814	0.0224366
-0.0288183	-0.0205337
-0.0231335	-0.0554779
-0.0518974	-0.0111886
-0.0365406	-0.000331515
-0.0327289	0.0414907
0.0110523	0.000758349
-0.0622512	0.0337602
-0.00858046	-0.0825082
-0.0746748	-0.00325
-0.289939	0.00509042
0.284986	0.0424877
0.0914792	0.0576356
0.0719904	0.0188446
0.0571472	0.030536
0.0161419	-0.0388865
-0.0146907	0.00532175
0.0310261	-0.0225185
0.0442458	0.00960849
0.0148536	0.040893
-0.00855648	0.014096
0.0312431	-0.0419576
0.0252832	-0.00282775
0.040916	0.000516352
0.0119094	0.0283383
0.00776189	0.0306182
0.0174062	-0.0231355
-0.0310771	-0.0357376
0.014528	-0.0173816
0.0291722	-0.0344089
0.0377115	-0.0293307
-0.00836321	-0.0631252
-0.00606353	0.0311082
0.016496	-0.0321083
0.0545101	-0.0405916
0.0184217	-0.0133059
0.0289041	-0.0318035
0.0311802	-0.0045369
0.0352171	-0.0177717
0.0428956	-0.0581139
-0.0223569	0.012051
0.0457165	0.0215618
-0.00231942	0.0186483
0.0353744	0.00979465
0.0172079	-0.0201885
0.0118172	0.00467941
-0.0163219	-0.00582269
0.0109503	0.00107696
0.035502	-0.00735496
-0.00399975	-0.0383467
0.0109117	-0.0108763
-0.0874125	-0.0217728
0.0570841	-0.00575325
0.0138197	-0.0400763
0.00386589	0.0410231
0.000650462	0.0264425
0.0219277	0.0145488
0.0420386	-0.0270643
-2.09036e-05	0.0393769
-0.0209728	-0.0331878
-0.017449	0.0230412
-0.00296111	0.00699161
0.0254959	-0.0306549
0.0136798	0.012512
-0.00611145	0.018055
0.0367529	0.0594288
0.00955869	-0.000260204
-0.019824	-0.0171369
0.0840967	0.00785829
-0.00792835	-0.0579761
-0.0100046	-0.000606998
-0.012458	-0.0215863
-0.0286474	0.0201819
-0.0246641	-0.0488661
0.0206552	0.0248579
0.0256081	0.0153721
0.0187314	0.0120923
0.000669096	0.0187942
-0.00701683	0.0393107
0.0174231	-0.0382269
0.00807487	0.0250749
0.0431403	-0.0208136
0.0240031	-0.014236
-0.0326995	0.00506436
0.026632	-0.0296135
0.00286973	0.0170862
0.00762856	0.00382954
-0.0169028	-0.0498471
0.0117723	-0.00295502
-0.0302803	0.0379339
0.0142781	-0.0521308
0.0584364	0.0540451
-0.0258351	-0.0581787
0.0554578	0.0632047
-0.0709869	-0.0302791
0.0254019	0.0156252
0.072043	-0.0665256
0.0524949	0.0398641
0.0495369	-0.0186308
0.0112194	-0.00302014
-0.0278787	-0.0622958
-0.0111944	-0.0677112
-0.0425905	-0.0147229
0.0865876	0.0454119
-0.0869877	-0.120632
0.0319376	-0.042
0.0347823	0.0331838
-0.0117505	-0.0163985
-0.0337819	-0.0408354
-0.0242762	0.0320782
0.00695125	-0.00612538
-0.0654525	-0.0343981
-0.0134061	-0.011389
0.0212677	0.0175836
0.0473278	0.0379303
0.0146589	0.032971
-0.0350096	-0.0261724
0.0916778	0.174847
0.30665	-0.0837721
-0.102096	-0.0160543
0.0477329	-0.0349241
-0.0470614	0.0449688
-0.0725036	0.054421
-0.0791674	-0.0875419
0.0437838	0.0111644
-0.00544404	0.0119445
0.0136297	-0.0306704
0.0128355	0.0231603
0.0730822	-0.0327015
0.0473461	-0.0292281
0.040065	-0.0234345
-0.104092	-0.0151059
0.0195933	-0.0638806
-0.0125155	0.0823981
-0.143168	-0.0427794
0.0128925	-0.0014842
0.00282534	-0.0492697
0.00258839	-0.00600887
-0.036146	-0.0800138
-0.131159	0.0383618
-0.112251	-0.0632983
0.110574	-0.0303633
0.0531251	0.0228701
0.0429842	0.0298052
0.0207397	-0.0833501
-0.0531784	0.1404
0.166219	0.0702272
0.13105	0.0708115
0.00904996	-0.0266004
0.0194797	0.00121305
0.0772087	0.0463249
-0.0322296	0.0102615
-0.0237191	0.0383963
0.0372328	-0.0547665
0.00491339	0.0078244
-0.00330378	0.0634911
0.00315774	-0.0145304
-0.0149923	-0.0682262
-0.00814579	-0.0223079
-0.0399076	0.029225
0.0708684	-0.0734514
-0.0163976	-0.0365608
-0.020038	-0.0291877
0.00976178	-0.00557019
0.050513	0.00243289
0.0170455	0.00617416
0.0438486	-0.0460777
0.0668054	0.0300806
0.0240955	-0.0714264
-0.0184987	-0.0157748
-0.0322039	-0.0274934
-0.0220313	-0.0622182
0.0564867	0.0347689
0.0336944	-0.0597609
0.00428634	-0.0544296
0.0291467	-0.0290967
0.0565319	-0.0581661
0.070151	-0.0872567
0.0593347	-0.0174929
0.00675788	-0.0998018
0.0148569	-0.0903849
0.0244878	-0.0476383
0.0285789	-0.0806546
0.0656555	-0.0745329
0.0673607	-0.349248
0.227392	-0.748409
0.179378	0.686475
-0.00391064	0.140866
-0.138831	0.152125
-0.000650747	0.0962321
-0.0404593	0.119511
-0.0599176	0.0301212
-0.00268586	0.00833299
-0.00145516	0.0863479
-0.0182688	0.043914
-0.0289707	0.0294535
-0.0081727	0.0571181
-0.0411606	0.0291044
0.0237319	0.0790284
-0.0120675	0.0068078
-0.00594013	0.00358166
-0.0521714	0.0303623
-0.0504674	0.0329912
-0.00117555	-0.0113151
-0.0187072	0.0427392
0.0113832	0.0127965
-0.0188981	0.00364373
0.024299	0.0125874
0.00546566	-0.0096515
0.0144963	-0.00195962
0.0232218	0.010601
-0.0111797	0.00721655
0.048975	0.0183621
0.0207059	0.00565076
-0.0277337	0.00888576
-0.0111189	0.0335364
0.0113342	0.0371353
-0.00258263	-0.00363175
-0.00855212	-0.00669775
-0.0181322	0.0368722
-0.0202914	0.0353336
-0.0216957	-0.0245868
0.00788749	0.00986901
0.00920847	0.0317858
-0.0311343	0.00534399
0.0229119	0.00568159
0.0164436	0.0170688
-0.00422951	0.0126859
0.00781505	-0.00534281
-0.0153991	0.0239898
0.0152121	-0.0279566
-0.0158655	0.00307032
0.0289997	-0.00762029
-0.00343726	-0.0370815
-0.00481411	0.0222617
0.0263216	-0.00699558
-0.000591045	-0.00608366
0.00321082	-0.0138766
0.0145554	0.0377979
0.00979568	-0.0268296
0.0413584	-0.0274455
0.0186177	-0.000756779
-0.0120823	0.0153353
-0.0107485	0.0126218
0.0222144	0.00925296
-0.00521914	0.0097062
0.00192165	-0.00372072
0.0126498	0.0092416
-0.00710862	0.0118237
0.0187548	0.0144634
0.0119029	0.00076597
0.0145995	0.0183117
0.0103478	-0.0221565
-0.00422207	-0.0022847
0.00642392	0.0135858
-0.00395284	0.000169486
-0.0119856	0.0148451
0.0112214	0.000179702
0.0151287	0.0103705
-0.0126514	0.011865
0.00284698	0.0034023
0.00897066	0.000406573
0.0155173	-0.00247014
0.0148661	0.00536454
-0.0309667	-0.0581431
0.0247238	-0.0187221
0.0237618	0.00177127
-0.00149075	-0.0279562
-0.041619	-0.0178116
0.00617942	-0.00587461
0.0278281	-0.0153484
-0.0264789	0.0114429
0.032277	-0.0201842
0.0104686	0.0394632
-0.0162357	0.00887403
0.0115284	0.0279874
-0.0224734	-0.00955134
-0.0252861	-0.0227813
-0.0257811	-0.0238043
0.0074204	-0.00663325
0.00349277	0.0120903
0.0303856	0.00323742
-0.027178	-0.0109894
-0.0185419	0.00736866
0.00880708	0.0265009
0.00236967	0.0181353
-0.00746232	0.0435208
0.0209605	0.0124801
0.0156572	0.0052679
0.0115999	-0.018361
-0.0190711	-0.00161213
-0.0246042	-0.0218668
-0.0261854	0.0028347
0.0241436	-0.0267695
-0.0328619	-0.0031415
0.00792736	-0.0146249
-0.00621816	-0.00729687
0.00593672	-0.0172993
0.011498	0.0139382
-0.0040525	-0.0207244
0.00904433	-0.0197275
0.0207929	0.00229819
-0.00512611	-0.00484002
0.0178809	0.00869812
0.0416589	0.00278911
-0.009243	-0.0197759
-0.004386	0.0119353
0.00983589	-0.0412745
-0.0240148	-0.0111999
-0.0373062	-0.0131791
0.0176756	0.0144811
0.00408066	0.00192672
-0.0221058	0.017244
0.00896531	0.0130811
-0.02111	-0.0409906
-0.00517058	-0.0215704
-0.0195464	-0.011817
-0.00272491	-0.0531374
-0.00824841	-0.0386686
-0.00965084	-0.0555146
-0.0357069	-0.131295
-0.0895422	0.422779
0.202482	0.115834
0.0291739	0.0440388
0.0261245	0.0226116
0.0304165	0.0429872
0.0311461	0.0265175
0.0386293	0.0149726
0.0349434	0.0503844
-0.00781925	0.0346389
-0.0200193	0.000913818
0.00100744	-0.00663476
0.0231094	-0.0224955
-0.00988853	-0.0142884
-0.00995432	0.0320776
0.0297906	0.0231707
0.0131463	0.066302
-0.0108465	-0.00162271
0.0119391	-0.00910555
0.00895558	0.00690837
0.00795499	0.00447226
-0.0199188	-0.00764565
0.0109243	0.0222835
0.0107322	0.0306433
-0.0454729	-0.0177271
0.0395888	0.0263088
-0.00950422	0.00306251
-0.023822	0.00459843
-0.00062872	-0.0332073
0.00414995	-0.0265927
0.0191704	-0.0303588
0.00926179	0.0148469
0.0156319	0.0129462
-0.00690524	-0.0294276
-0.0140805	0.0128025
-0.017224	0.00112463
-0.0253861	-0.00274573
-0.0181687	-0.0187737
0.0220069	0.0237254
0.0181936	0.0111433
-0.003804	0.0227565
0.0303059	-0.0158695
0.0162066	0.000510879
0.0118765	0.0103264
0.0257421	0.00774715
0.0239212	0.00214786
0.00330773	0.00786325
0.0165085	-0.018515
0.0211858	-0.0165066
0.025993	0.00398183
0.0123076	0.00331123
0.0356063	-0.014842
0.0516737	0.0511059
-0.0025173	-0.00868337
0.00085771	-0.00891014
-0.00732357	-0.00512897
0.0101744	-0.00994674
0.0175314	0.00323589
-0.0250557	0.0491756
-0.00840062	-0.0167818
0.00372479	-0.00783007
0.0220563	-0.015532
0.0115058	0.0206857
-0.0344962	0.00881829
0.0124636	0.0111432
-0.037642	0.0576803
0.00159407	0.0394573
0.0177578	0.00613043
-0.00598983	-0.0110567
-0.0223439	-0.0214537
0.0102861	-0.0361095
-0.0306104	-0.0136077
0.04159	0.034124
-0.0190052	0.0222888
0.0015814	0.010863
0.0231034	0.00710429
-0.0133809	-0.00760223
0.0359933	0.00328968
0.0397864	0.0142074
-0.00472976	0.0102754
-0.0294678	0.00829863
0.00643284	-0.0177264
-0.0124431	0.0353054
-0.0252943	-0.000582536
-0.00893473	0.00632712
0.028177	-0.0180564
0.00424342	0.0140446
0.0220635	0.00897882
0.00397518	-0.0302649
-0.00446291	-0.00264058
-0.00608211	0.0169382
-0.0280817	-0.00567287
0.00348633	0.0232753
0.0312995	-0.00147626
0.0287532	-0.0226911
0.0237629	0.0335774
0.0111517	-0.018717
-0.00230803	-0.0091579
-0.0223619	0.0189813
-0.0259806	-0.00847165
0.0201156	-0.00989006
0.00623721	-0.00728349
0.0348466	-0.0325476
0.0185728	0.00452662
-0.03089	-0.00419274
0.0360758	0.000807963
0.0322241	0.00104375
-0.0133451	0.0318737
-0.00203675	0.00259574
0.00836214	0.00046626
-0.0130065	0.0345287
0.0408579	-0.00492798
0.0139272	-0.0140738
0.0294298	0.00346544
0.0257972	0.0293288
0.0204752	0.00558076
-0.0100096	-0.00811817
0.0101641	0.00334765
0.021836	0.0125287
-0.0149559	-0.0226368
-0.00975218	0.0142432
-0.0133695	0.0196745
0.0274515	0.0427999
-0.0390188	0.0167187
-0.0250888	0.00403321
0.020173	0.0277345
-0.00488345	-0.0287317
0.00423261	-0.0428282
0.0451065	0.0176809
0.0103638	-0.0331247
0.0112913	0.0130778
0.0204592	0.0215857
0.0196341	0.0127109
-0.0170522	-0.0192855
-0.0498543	0.0131914
0.0464035	0.0237216
-0.0218289	0.0103465
0.232663	0.000792578
0.00488344	0.0126571
0.0160735	9.89695e-05
-0.00976463	0.0113368
-0.0109597	0.0110373
0.000727478	0.0119424
0.0240848	-0.0401893
0.00487644	0.017494
-0.0077194	-0.0133306
0.00810529	-0.0125208
-0.0247244	-0.0215838
-0.0129789	0.0264697
-0.00130564	-0.0190343
0.0253822	-0.0165381
-0.0423658	0.00257854
-0.0174089	0.00109339
0.0180261	0.0237043
0.0165285	-0.00521229
-0.00697	-0.0209424
-0.00573449	-0.00381062
0.00768263	0.0139721
0.0145678	0.0134242
0.0199827	0.0190632
0.022013	-0.0133552
0.0312603	0.00376995
0.00532647	0.0146651
-0.00591301	0.0125615
-0.016026	-0.0213256
0.0256148	-0.0197257
-0.00641917	0.00210137
0.0297424	-0.0174134
0.00167701	-0.00758238
0.00809917	0.0163903
0.0184791	-0.000370777
-0.0202778	-0.00946186
0.0153948	-0.0163975
0.00732788	-0.0221037
-0.0310512	0.0129594
0.0355272	0.034805
0.0134989	-0.00595718
0.0138386	0.0230749
0.0276853	0.00108087
-0.0156489	-0.010489
-0.00594196	0.022153
-0.000233189	-0.0139598
-0.000933626	0.00478976
-0.000807603	-0.00957564
0.0053094	0.0146989
0.00214246	0.000680464
-0.0114473	-0.0413156
0.0217277	0.000365447
0.0123541	-0.0145875
0.0333548	0.0137481
0.00776547	-0.0223569
0.0390266	0.0283042
0.0113907	-0.0313759
-0.0230588	-0.0069681
0.0179992	-0.0155173
-0.00373079	-0.027525
0.0341079	0.0114135
0.0546976	-0.00356507
0.00820464	0.0175065
0.00126157	-0.00221345
-0.0243234	0.0114119
0.0098211	0.0178558
0.0682117	0.0288788
-0.00690297	0.00631218
0.0167757	-0.0103547
0.00109039	0.0528751
-0.0295897	-0.0110409
0.00889662	-0.0122763
-0.0177093	-0.0113244
-0.0121563	0.00360982
0.0158921	-0.0115306
-0.0207959	0.00274391
-0.00383258	0.0148492
0.00463615	0.0152643
0.0295422	0.0260951
0.0340937	-0.0222625
-1.21691e-05	0.00507653
0.0138584	-0.0112874
-0.0141551	0.0177985
0.0149509	0.0155336
-0.00637879	-0.012951
-0.00718803	-0.00544956
-0.00157575	-0.0469953
0.013583	0.000171066
-0.0357335	-0.0379516
0.0106051	0.00412065
-0.00550845	0.0435613
0.0292	0.0109421
-0.0507825	-0.0334289
-0.0354286	-0.0283054
-0.015942	-0.0421232
0.0142976	0.0246643
-0.0201017	0.0253395
-0.0235908	-0.0116762
0.00579087	-0.028027
-0.00602454	-0.00333294
0.0536616	-0.036328
0.0356388	-0.0297327
0.0453945	-0.0197103
-0.0312291	0.00909127
0.00413392	-0.0111495
0.02063	0.007808
-0.0365851	-0.011307
-0.00630584	-0.0475831
0.0303012	0.0104022
-0.0167086	0.0224833
-0.0192041	0.0285245
-0.00133937	0.0026839
-0.0129099	0.0226012
-0.0287461	0.00591719
-0.00428328	0.0163295
-0.0128911	-0.0148578
0.0277061	-0.0320624
-0.00285991	0.00447074
0.0162871	-0.0488637
-0.0217077	-0.0220292
-0.0398388	-0.0586653
-0.0115557	-0.154752
-0.122718	0.226095
0.144626	0.0933869
0.0379325	0.0453887
-0.00759968	0.0301463
0.0251998	0.0540735
0.0886315	0.0100629
0.0446621	0.046822
0.0238454	0.0207038
0.000925542	0.0135057
0.0284994	-0.0529423
-0.0102527	0.0179336
0.0166907	-0.00224338
-0.0118816	0.0117427
0.00206207	0.0167776
-0.014784	-0.0274642
0.0271918	-0.00950524
0.00892366	-0.0195057
0.0217436	0.0201588
0.0255761	0.00337983
0.0332056	-0.0173278
-0.00887067	-0.0378818
0.0370908	0.0320512
-0.0031965	0.0453712
0.00319156	-0.0335898
0.00887969	0.0234614
-0.0247649	0.0200755
0.0174629	-0.00741538
0.00178922	-0.0160136
-0.0321654	0.014432
0.0509316	-0.0235291
-0.00160433	-0.0103561
-0.00846024	0.006071
0.014448	-0.0185124
0.0216241	-0.00480332
-0.0255776	0.0136979
-0.0222885	-0.00392492
0.0275642	-0.0125686
0.0204222	0.00472363
-0.0360321	-0.0105235
-0.00485699	-0.0104364
-0.009925	-0.01247
0.0157655	0.0241044
0.00271096	0.00675479
-0.0163728	-0.0163629
0.0453064	0.0149934
0.0165759	0.00364649
0.027806	-0.00597488
0.0362691	-0.019996
-0.0103214	0.0124318
0.0126113	-0.0260041
-0.0113947	0.0137041
0.00865278	-0.00185974
-0.00149871	0.00969332
0.0123195	-0.0107207
0.032698	0.0569964
0.0209405	0.018725
-0.00761507	-0.00982873
1.02624e-07	0.010811
0.021878	-0.0608871
-0.00445591	0.00833017
0.016244	-0.0213718
-0.0473942	0.0568645
0.021713	0.0108614
0.0240558	-0.0105817
-0.0272662	0.0455992
0.0135684	-0.0513314
0.0308936	-0.0265424
0.0366397	0.0123678
0.05647	0.0176005
0.0189476	-0.0231931
-0.0277897	-0.0215255
-0.0330587	-0.0051322
0.00948164	0.0556538
-0.0107664	0.030714
-0.021078	-0.0165315
0.0010752	0.0279385
-0.0144082	-0.00196321
-0.049933	-0.0241036
-0.0355671	0.0303473
-0.00920786	0.0173518
0.0248866	-0.0159486
-0.0083444	-0.0109905
0.0145155	-0.0185665
0.00615035	0.0269437
0.0171753	-0.0527379
-0.00429001	-0.0104767
0.0214106	0.0215238
-0.00212584	-0.000629631
-0.0326721	-0.0153955
0.0227661	-0.0216924
0.0532288	0.00219455
-0.0369264	-0.0395709
0.0275127	0.00385289
0.00930726	0.00674485
-0.0218874	-0.0143016
0.0225675	-0.0539326
-0.00823131	-0.0240854
-0.0465343	-0.0313394
0.0177007	0.00597875
0.0316301	-0.0245275
0.0250769	0.0392232
0.00672574	-0.0117691
0.0540507	-0.0287729
0.0167859	0.00327442
0.00170293	0.0442379
-0.00919708	-0.00903048
-0.0460198	0.00987139
0.00303591	0.0117662
0.0350578	-0.0504459
-0.00984957	-0.01573
0.00315017	0.00357188
-0.0418076	-0.00853726
-0.0199937	0.00323516
0.00262911	0.0328843
0.0248953	0.0134713
0.0323066	-0.017209
0.00038299	0.0304838
-0.00136188	-0.0596743
-0.0149545	0.0423763
0.0207852	-0.000640086
-0.0225394	0.000806844
-0.022343	0.0509487
-0.0539221	0.0275405
0.00379119	-0.0254965
-0.0167787	0.00552823
0.0165457	-0.00610309
-0.0235337	0.0159159
-0.00749645	0.0357605
0.0364098	-0.0433326
-0.0327611	-0.0208223
0.0266451	0.0137509
-0.0318552	0.0642593
-0.0141604	0.0623873
0.0188339	-0.0363057
-0.0201382	0.0556053
-0.10958	0.0133395
0.0395993	-0.0514986
0.125395	-0.0113633
0.06811	0.0306013
0.0458907	0.0437224
-0.0112728	0.0213111
0.00724414	-0.0046703
0.00651448	0.0931612
0.016789	0.0105441
-0.0344523	-0.0219302
-0.000280454	-0.00595753
-0.0521922	-0.00331093
0.0637753	-0.034715
0.0175981	0.00522894
0.0682791	0.00931827
-0.0375198	-0.0245747
0.0071443	-0.00245905
0.0399293	0.00102045
0.017182	0.0536137
-0.0131893	-0.046025
0.0497346	-0.027081
0.00784399	-0.0108734
0.0376849	0.0100114
-0.00042211	0.00817182
-0.00405935	-0.0108672
-0.0137291	0.0107444
-0.0296026	0.00283471
0.0110004	0.0174109
0.0223394	-0.0318858
0.0165636	-0.00518375
-0.0283485	-0.0180913
-0.0046483	-0.00576376
0.0303186	-0.0244993
0.0353057	-0.0363814
-0.0389882	-0.00886745
0.0522109	-0.0112254
0.0370917	0.0616565
-0.0510943	-0.0386277
0.0263298	0.00101657
-0.0599865	0.0100207
-0.0128103	-0.00344049
0.0333903	-0.0398064
-0.0322045	-0.037875
0.0370586	-0.0422555
0.00368642	-0.0209224
-0.00775786	0.0504803
0.0277657	-0.054341
0.0455424	0.0461501
0.0629709	0.0134336
0.0347198	-0.00404521
0.0487884	0.0112072
0.0134014	-0.0187034
0.0841373	0.0265334
-0.0231718	-0.0150968
-0.0309183	0.00655002
-0.0148462	-0.0198436
0.0309471	-0.0485527
0.0368366	-0.0221316
0.0660855	-0.00995864
0.00397422	0.00708386
-0.00120308	0.0576263
0.0148629	0.0439164
-0.00990463	0.0391023
0.0481427	0.0470167
0.00930525	0.0928628
-0.00985646	0.0253588
0.0405215	0.0343565
-0.0106983	0.0722712
-0.02146	-0.029127
0.0665024	-0.0254425
0.0177877	-0.0193134
-0.0484845	0.00133021
-0.0120494	0.00157718
0.0154704	-0.0257627
-0.0459085	-0.042849
-0.100835	0.0772411
-0.00568543	0.0164382
0.00601048	0.0143513
0.00981574	-0.0675892
0.00021762	0.0364533
-0.0536124	-0.0191427
-0.0546081	-0.0448765
0.0238636	-0.0576054
0.0389377	-0.106569
0.089736	0.00995333
0.033944	-0.00203218
-0.107458	0.0542335
0.07105	0.0672698
-0.0631248	0.0352364
0.0230244	-0.0580994
-0.0544229	0.0453014
-0.141934	-0.0319319
0.0102339	0.0574918
-0.108935	0.0345852
-0.0362733	0.0133864
-0.0151883	0.670457
-0.319887	-0.145835
0.111796	-0.115899
0.124552	-0.049709
0.0650226	-0.0840674
-0.011568	-0.0219006
0.0405188	-0.0169875
0.0858667	-0.00101665
-0.0707918	-0.0234385
0.0137815	-0.0319213
0.0286974	0.0605649
0.0271681	-0.0506724
-0.0165145	-0.0559785
-0.045888	0.00827571
-0.0808617	-0.0291251
-0.109961	-0.0211202
0.00328112	-0.010613
0.0420896	0.0552101
0.011629	-0.0852633
0.0169464	-0.00404907
0.0262597	0.021447
-0.015223	0.00724973
0.0359945	-0.0262253
-0.0182397	-0.000884761
0.0387687	-0.024664
-0.0360412	0.0411237
0.118599	0.110641
-0.0343485	-0.0297146
0.0121596	0.0559865
-0.0396451	-0.0506444
-0.00881231	0.0664571
0.00683405	-0.0232603
-0.0115232	0.0386967
0.0306615	-0.007872
-0.0142187	-0.0302718
0.100282	0.00620068
0.122847	0.0924025
-0.0238961	0.0387413
0.071215	0.0674508
0.00818723	0.0844182
0.218986	-0.0867003
0.19167	-0.596725
-1.09753	-0.182681
-0.00759989	-0.142347
-0.073881	-0.124301
-0.0352975	-0.0730089
-0.0377731	-0.0134217
0.0462223	-0.114674
-0.0134936	-0.0643582
-0.0396763	-0.0575549
-0.0938208	-0.183273
-0.00981671	-0.042727
-0.0147768	-0.1227
0.0263685	0.0349318
-0.138993	0.0314078
-0.0934067	-0.141907
-0.0182273	-0.0117925
-0.0513886	0.0399442
-0.0273365	0.110629
0.0533582	-0.0400357
-0.0739054	-0.0815528
-0.0600226	-0.00439659
-0.0179831	-0.0252487
-0.118356	0.02322
-0.0247282	0.0159515
-0.0190582	0.0231022
-0.0925195	0.0107343
-0.0756134	-0.034161
-0.0753719	-0.0315779
-0.0784666	-0.111677
-0.063112	-0.0278889
0.0848394	0.0775857
0.0309568	0.045539
0.026686	-0.0381209
-0.000994586	0.0431662
-0.106214	-0.0902891
-0.0921415	-0.0351167
0.00494627	-0.0431228
-0.0576691	-0.028865
-0.0756762	-0.043556
-0.0230401	-0.0348183
0.0684064	-0.108376
0.0228704	0.113122
0.0170795	0.00786343
-0.0299836	-0.0795972
0.00952298	-0.0173102
0.0722616	0.0463628
0.10303	0.0701892
0.0243863	0.0320107
0.0445037	-0.0513744
-0.0455206	0.0706486
-0.0136507	-0.0588278
-0.0658754	-0.00646205
0.0217077	0.0289336
-0.0553978	0.114074
0.0858554	-0.081482
0.041585	0.057095
-0.0151941	-0.0220651
-0.0197912	-0.024038
-0.00126298	-0.0743556
-0.00854894	-0.0531762
0.0594123	-0.0421191
-0.0348256	-0.00237042
0.0817344	-0.039192
-0.065807	0.0677136
0.0176908	0.0744979
0.12318	0.00307464
-0.0186489	0.0658116
0.00500156	-0.035572
-0.0219364	0.00470956
-0.0498068	0.0673242
0.0346321	0.00886594
0.0173705	-0.0379122
-0.0517774	0.0126733
0.0976329	-0.0185349
0.0564201	0.042028
0.0258113	0.0172186
0.00558044	0.00962235
0.061671	-0.119939
0.00860989	0.0275725
0.0304554	-0.0763956
-0.0890169	-0.0446813
0.0660419	0.104252
-0.00370037	-0.0103139
-0.00757031	0.0033042
0.0368397	0.0540368
0.122322	0.0308923
-0.000784492	0.0171768
0.0519542	-0.0190641
0.00225108	-0.0473569
-0.0375686	-0.00891421
0.00960941	-0.0648329
-0.0187153	-0.0412187
0.015515	-0.0178602
-0.108705	0.032297
-0.0102297	-0.133107
-0.108719	0.0796027
0.0406742	0.0149446
0.0495969	0.0344801
-0.0108871	0.0228337
-0.0258154	-0.00972044
-0.00612441	0.0749552
0.0508507	0.0482658
-0.142356	0.0149311
-0.0151012	-0.013459
-0.0304056	-0.00550565
0.0407036	0.0388603
0.0821106	-0.0453626
0.00597055	0.0980877
-0.00773977	-0.00480577
-0.0631808	0.0279999
0.0542246	-0.0638771
0.0254391	-0.0225539
0.0513099	-0.0306898
-0.0048771	-0.0190147
-0.0455641	-0.00418399
0.000307991	-0.0294066
-0.00155438	-0.00364403
-0.0461006	-0.00129663
-0.0608271	-0.0355097
-0.0231985	-0.0106038
-0.0365872	-0.00640417
-0.0552123	0.00268236
0.136934	-0.0821376
-0.0562226	0.111953
0.00670008	-0.0183658
-0.0266224	0.0216601
0.00435338	-0.036637
0.00898816	0.0139143
0.0247159	0.0532081
0.0175466	-0.120859
-0.0730777	-0.0858283
0.0280974	-0.0158372
-0.0666797	-0.0215711
-0.0486627	-0.0301329
-0.0252031	-0.172729
0.0208785	-0.710449
-1.09721	0.0397229
0.138603	0.109378
0.102722	0.108459
0.0516676	-0.025484
0.0992531	0.0195188
0.0291432	0.0728353
0.0352014	0.0815162
0.00698157	-0.0124227
0.012061	-0.00794872
-0.0216215	-0.0371141
-0.0169191	-0.0631936
-0.115235	0.0144484
0.00814672	-0.0575328
-0.0113666	-0.0390558
0.00556768	0.00939482
-0.0225365	0.0468341
0.0488955	0.00503124
0.0863283	-0.0233943
0.00455145	0.00424055
0.0206885	0.118248
0.0737173	0.0310764
0.0616533	0.0737427
-0.0153874	0.0336323
-0.00980122	0.0417206
0.0332369	-0.0258893
0.0701989	-0.0160599
0.0167869	0.0283417
-0.0406241	-0.0789875
0.0144689	0.0148659
0.00633261	0.0306492
-0.059404	0.00527164
0.0497606	0.0740866
0.00105058	-0.0183642
-0.0559108	0.0156991
0.0130932	-0.0341585
0.00648379	-0.0211418
-0.0481463	-0.026777
-0.0109241	0.0371616
0.0253766	0.00962083
-0.0607655	0.0360848
-0.0160704	0.0286491
0.0943207	0.0263109
-0.0341392	-0.00133711
0.0787578	0.0546477
0.00504121	-0.0270164
0.052114	-0.0337686
-0.0075561	0.000244676
0.020235	-0.0243519
0.0314382	0.0417372
-0.00392995	-0.0223971
0.0440338	0.0309227
0.0346822	0.0545544
0.0283255	-0.0175821
0.0191965	0.0412152
-0.0107558	0.0490521
-0.0385443	-0.0137128
0.00265203	0.0185846
0.00691215	0.0434191
0.0077752	-0.0165557
-0.0466291	0.0343307
-0.00720939	0.0228061
-0.0142436	0.0151844
0.0291423	0.0524471
-0.0300462	-0.0210249
0.00140347	-0.0201181
0.0219043	0.0422587
0.0389535	0.0279983
-0.0228869	-2.65168e-05
-0.033613	0.018048
0.0633085	-0.0196126
-0.0161382	-0.00313789
0.00857741	3.84124e-05
0.0107176	-0.021961
0.0149685	-0.00319067
0.00551738	-0.0284697
0.00666859	0.0239169
0.0407279	-0.0111277
0.00999958	0.0239761
0.0393206	0.00452266
0.0274847	0.0231352
0.0173352	0.0492731
-0.0152784	-0.00458409
0.0123441	0.0227608
0.00656851	-0.00638456
-0.00574178	-0.00300321
0.00262636	-0.016462
-0.0427811	-0.00346773
0.0462029	-0.00916619
-0.00436454	-0.0131167
-0.0194423	0.00463741
0.0619779	0.0288361
0.0290542	0.021947
-0.00119976	-0.0398769
-0.0273917	-0.0700303
-0.00107567	0.0226946
-0.0392541	0.0591313
0.0147707	0.0270019
-0.0170931	-0.00113454
-0.00254401	0.00631005
0.031658	-0.0121913
-0.0168588	-0.0335207
-0.02607	-0.0295662
0.0189269	0.00837705
-0.0019474	-0.00935147
0.044391	-0.00264481
-0.00209085	0.00488554
-0.00857371	0.0222321
-0.0116171	-0.015258
0.00814763	-0.0110889
0.00513337	-0.0149011
-0.00285079	0.0250916
0.0347239	0.0206384
0.0206486	0.0346622
0.0180284	-0.0143066
0.0118363	0.0360026
0.0545355	0.029142
0.00791534	0.0166965
0.0105928	-0.00972552
-0.0106684	0.00566163
0.0292715	0.000874491
0.00273675	0.01738
-0.00656578	-0.0404483
-0.0398799	0.00521397
0.00701876	-0.0174865
0.00260699	0.0136204
-0.00716163	-0.00919415
0.0412698	0.0155213
0.0442093	-0.0646246
0.0401081	0.020919
0.0198891	-0.00089704
0.00681747	0.0269077
-0.0348379	-0.00125435
-0.0111375	0.0341694
-0.0180682	-0.0124651
0.00950909	0.0303344
0.0047173	-0.0422625
0.0303936	-0.0458365
0.0077076	0.00128856
-0.0101196	-0.00582913
0.001717	-0.0182578
0.0263302	-0.0224335
0.00553821	0.0050694
-0.0262958	-0.00463424
0.0222214	0.00274136
-0.0115909	0.0511371
0.0322622	0.0192332
-0.00611109	0.0209229
0.00210723	-0.0325624
-0.0249251	0.0252967
0.00102511	-0.0348202
0.0111762	-0.0202918
0.0355102	0.00281654
-0.01423	-0.00479754
0.0130801	0.00630551
0.00506345	0.0191087
-0.0118479	-0.00906687
0.0199655	-0.0178092
-0.01313	0.00197837
0.016894	0.0105137
0.00968744	-0.00978823
-0.0248682	-9.81843e-05
0.000612096	0.00386037
-0.0183222	0.00710684
0.00469083	0.00625051
-0.00285537	-0.00594678
-0.00167605	-0.0280142
0.0199143	-0.00669438
0.0063695	0.0151236
-0.0132286	0.010334
0.0143549	0.00140641
0.0237099	-0.0168618
0.00308029	-0.0387637
0.043864	-0.00864792
-0.0248109	-0.0178068
-0.00415946	-0.0187861
-0.0272549	-0.101945
0.0700003	-0.00393861
0.0126669	-0.00411109
-0.00154217	-0.00168175
-0.0256039	0.044744
0.0115192	0.0320683
0.0181219	-0.00607698
-0.00172632	-0.0176522
0.00383256	0.00227775
0.0104193	0.00327436
0.00200112	0.0466655
-0.00995792	-0.00682135
0.00912981	0.00405405
0.0137472	-0.0128398
-0.00994099	-0.0010559
0.0091974	-0.0088783
-0.0086182	-0.011152
0.0201392	-0.000707148
-0.0231458	0.0181743
0.0490424	0.0357894
-0.0154815	0.0119185
-0.031951	0.0248024
-0.00557338	0.0265276
-0.0333197	-0.00776008
0.012172	0.00190956
0.0138822	-0.00597403
0.0206127	0.000165854
-0.00315338	0.0284613
-0.0264878	0.0191656
0.0426854	0.003652
0.023327	-0.00178004
0.00632657	0.0237853
0.00351742	0.0194908
0.00923847	0.0184267
-0.0131251	0.0376038
-0.0145396	-0.018909
-0.0108876	0.0280763
0.023589	-0.00203321
-0.021689	0.000182884
-0.0207843	-0.01118
0.0183056	0.0370026
0.0103819	0.0103445
0.0346782	0.00245583
-0.0160299	-0.00579695
-0.00150678	0.00485328
-0.00954148	0.0242059
0.0119817	0.00978917
0.0115215	-0.0227452
0.00642587	-0.0282688
-0.0311387	-0.00743184
0.00184718	0.000793727
0.00813274	-0.0278848
-0.0338542	-0.00252653
0.00977472	-0.0149618
-0.00510678	-0.026306
-0.0110587	0.038614
-0.000341258	0.0241809
0.00274944	0.0186691
0.0196865	0.021009
-0.00466115	0.0129754
0.0265204	-0.00332776
0.0379734	-0.00169672
-0.00142725	-0.0184815
-0.0200297	-0.0297045
-0.0125375	0.00393621
0.020865	-0.0319617
0.0122359	0.0286665
0.0270634	-0.00710707
0.0270944	-0.0107523
-0.00168702	-0.0182046
-0.0222737	-0.0233662
0.00793954	-0.00740542
-0.0074111	-0.00737145
-0.00576194	0.0279228
-0.00786415	-0.00104382
0.0498365	0.00564201
0.0236279	-0.000101444
0.0317753	-0.00204938
0.0329419	0.0369292
0.0686747	0.0128683
0.00985682	-0.0443266
-0.067045	0.0662841
0.103112	0.0847819
-0.0154702	-0.0144527
-0.0387237	-0.00176918
-0.0877342	0.0454843
0.00561253	0.0066543
-0.00239865	-0.0251315
-0.0531366	0.0568841
0.0227264	-0.013003
0.000524741	-0.00163725
0.0135619	0.00211444
-0.0210255	0.0396445
0.015036	-0.00655227
0.00931266	0.00590906
0.0113391	-0.0358452
0.00136496	-0.0216649
-0.0113413	-0.0233019
-0.0139735	-0.0188597
0.00314167	0.0219496
0.0156917	-0.00230883
-0.0127143	-0.00946551
-0.0183008	0.0224655
0.0239282	-0.0239955
-0.0173795	0.00217949
0.0262554	0.00198854
0.0414637	0.00115737
-0.0398735	-0.00842627
0.0348975	0.00455172
0.0383132	0.0195699
0.0201215	-0.0152097
0.00764926	-0.019848
-0.00847774	0.0590903
0.00754862	-0.0122981
0.0194638	-0.000851324
-4.48597e-07	0.00567226
-0.0223999	0.0113395
-0.0179722	0.000895997
0.049375	-0.0173161
-0.00985411	-0.0200584
-0.0083365	0.0258755
0.019582	-0.0216897
0.010199	0.0103593
0.0276346	0.0117068
0.00332426	0.00133394
0.0123008	-0.0327219
-0.0349484	-0.0237886
0.023612	-0.000283467
0.00145124	-0.00100064
0.0243727	-0.00239768
0.0123487	-0.00580085
0.00791353	0.0265242
-0.00496525	-0.000368721
-0.0196611	0.0227
-0.00701232	0.0266006
0.0136962	0.0153268
0.00511333	0.00703281
0.0265096	-0.00424438
0.0182029	0.0105364
-0.0253025	0.00354138
0.0036018	0.0450963
0.00787634	-0.0228851
0.0205817	-0.00260989
-0.00110439	-0.0146172
0.0190737	-0.00666686
0.0215979	0.00674999
0.0146894	0.00308864
0.0175203	-0.0112481
0.0106364	0.00483357
0.0307842	0.0114331
-0.01893	-0.0140409
-0.00775439	0.0168687
-0.0199368	0.00526374
-0.0208575	0.0288376
-0.0392989	-0.0283489
-0.00645686	0.0134808
0.00494764	0.00701438
-0.0180122	0.000438212
0.00343529	0.00367834
0.00763348	0.012126
-0.0147005	0.016796
-0.00370083	0.00293099
-0.0429908	0.0208071
-0.0255235	0.0146307
-0.0254615	0.0075692
-0.0068033	0.004903
0.0199374	-0.0317722
-0.040731	-0.0162692
0.0149385	0.00393931
-0.0186226	-0.0296353
-0.0103577	0.0150063
0.0223655	0.021008
0.0316424	-0.0102037
-0.00138994	-0.00826434
-0.0404928	0.000320903
0.00256531	-0.0378567
-0.0153395	-0.019217
-0.0316695	0.0102404
0.0160414	0.0329083
0.00481427	0.00777935
0.0235222	0.0257541
0.0474139	0.0189306
0.0155457	-0.00874603
-0.0108297	-0.0262648
-0.0104177	0.00897951
-0.0338851	0.00563752
0.0138485	-0.00943915
0.00959407	0.0333311
0.044575	-0.00173792
0.00158584	0.0189075
-0.0025695	0.0263427
0.0162241	0.0161932
-0.00285368	0.0429857
0.00742108	-0.0170381
0.0175084	-0.000522915
0.021461	-0.0281601
0.0309604	0.0129173
0.0152138	0.0107644
-0.00951473	0.0122707
0.0072365	0.0185114
0.0301859	-0.0049103
-0.017112	-0.0264949
-0.0286904	-0.00478629
-0.00405918	-0.0241947
0.0241813	0.00852124
-0.00855974	-0.0254924
-0.0155072	0.00500051
-0.0220617	-0.00649729
0.000426824	-0.00393037
0.023474	-0.00620999
0.0319118	0.00969467
-0.00415905	-0.00132637
-0.00341324	0.0199239
0.00108548	0.00428163
0.0249477	-0.00137755
-0.00719712	0.0230489
-0.011903	0.013163
0.0171133	-0.0537911
0.00402505	0.0216339
0.0232656	-0.00529966
-0.0177913	0.00585627
-0.00632375	0.00327788
-0.0159073	-0.0220036
-0.00642019	-0.00530315
-0.00382462	-0.0485373
0.0229765	0.015833
0.0329259	-0.0123618
0.0034112	-0.0201088
-0.000143268	-0.00964531
0.0467747	-0.013913
-0.00674747	-0.00730614
0.0368085	0.0129326
-0.0215975	0.00760735
0.0125921	0.0021832
0.00239558	-0.0286757
-0.00409919	0.00454401
0.000283049	-0.0182556
0.0228041	0.0156444
-0.020987	-0.0174845
-0.0305905	-0.00988869
0.00981246	-0.000493048
0.0132803	-0.00443436
0.00596926	-0.00678062
0.0156866	0.00536624
0.014963	-0.00667578
0.0146785	-0.0146956
0.0307056	-0.00417246
0.0130262	-0.00588514
-0.00607181	-0.0100044
-0.00822173	0.00931196
0.0241784	-0.0165742
0.0158441	0.0170611
-0.0204856	0.0088999
0.00919658	-0.00597153
0.00246248	0.0315387
-0.0140876	0.0187631
0.00854356	0.00511565
0.032054	-0.0146951
0.0290975	0.0225965
0.0222644	0.028836
-0.00149413	0.00765822
-0.0245399	-0.00160035
-0.00553322	-0.0171532
-0.00362615	-8.79141e-06
0.0129483	-0.0123778
-0.00910445	-0.0133168
0.00237155	-0.0393917
0.0105269	0.0036553
0.00701981	-0.0136455
-0.00833288	0.0251838
0.0092074	-0.00564245
0.00193794	0.0767342
-0.0629674	0.0115874
-0.023399	0.0194313
0.00197399	0.0244847
0.00759682	-0.00149854
-0.00364285	0.0102606
0.015993	0.013749
0.0017637	-0.00315451
-0.00696271	-0.0204497
-0.0288965	0.00315654
0.00277309	-0.0301682
-0.0023678	0.00421297
-0.00359804	0.00923542
0.0108848	-0.00604696
-0.00474709	-0.0577788
-0.0270948	0.00528222
-0.0178507	0.000462387
0.0184606	-0.0136486
0.0329402	0.00767898
0.00744817	-3.30695e-05
0.0204008	0.0122428
0.0276306	-0.000707021
-0.0124263	0.0202393
0.00398483	0.00752717
0.0143979	-0.0132987
-0.00472539	-0.00392937
-0.016885	-0.0237408
-0.0288119	0.0246415
-0.0286816	0.00447597
-0.0211359	0.0103523
-0.0208407	0.0247208
-0.0172529	0.0349993
0.0120588	0.0361838
-0.0222193	0.0316015
-2.73002e-05	0.00565163
0.0285815	-0.00623627
0.019227	-0.00196016
0.00848714	0.0531227
-0.0161516	-0.0139849
0.0414053	0.00238605
-0.00984536	0.0584986
0.0352142	-0.0122473
0.00861019	-0.00146434
-0.0244886	-0.00711794
-0.0238722	-0.0183796
0.0125674	0.0158158
-0.013952	-0.00318919
0.00772768	-0.0349959
-0.00671376	0.006643
-0.0151537	0.00311846
-0.0292501	-0.0282545
0.00944523	0.0038057
0.0379106	0.00929212
-0.0104481	0.00920498
-0.0107933	-0.0165968
-0.0178763	-0.00880436
-0.00434338	0.0115916
-0.0222612	-0.00852764
0.00513032	0.0281215
0.00771162	0.0137907
-0.0287603	0.00433452
-0.00513671	0.00808199
0.000673117	-0.026583
0.0153433	-0.0244241
0.0114741	0.0295195
0.0305631	0.0168919
0.0287815	-0.015746
0.0143841	-0.00847841
-0.0126525	0.018421
-0.0288145	-0.0281787
0.0272428	-0.0252611
-0.0199415	0.034276
-0.00147867	-0.0219886
0.0111905	0.0327949
0.00172523	0.0092277
-0.0147054	-0.0139002
-0.0231376	0.00153795
0.00396088	0.0273262
-0.00141062	0.0341206
-0.00188334	-0.0291927
-0.0246454	0.0423139
-0.00999316	0.0690544
0.0554729	-0.0543594
-0.0378896	0.00991962
-0.00223547	-0.0134409
-0.0154575	0.0113753
-0.0212632	0.00481335
0.0395885	-0.00920775
0.000644786	0.00603195
0.0347587	-0.00959956
0.015242	0.0192621
-0.0167086	0.00353486
-0.0227363	0.047864
0.00597469	0.0223933
0.0150161	-0.00148301
0.0105691	0.0250105
-0.0163064	-0.0218752
-0.0213599	0.0210082
-0.0167903	-0.00131102
0.0491936	0.00315041
0.0133287	-0.00738242
-0.00865531	-0.0174543
-0.0118652	0.0121728
0.0039504	-0.00868586
-0.0102102	0.0283517
-0.0125147	0.000400206
-0.0194282	-0.0294342
-0.0349422	0.0137306
-0.000263867	-0.0249529
0.0129955	-0.00223
-0.030995	0.033032
0.0241909	0.0117376
0.0321357	-0.00549336
0.0159491	-0.00931559
-0.00256711	-0.0177174
0.00191706	-0.0220819
0.0106892	0.00884554
0.0221048	-0.0114799
-0.00961734	-0.0017776
0.00857498	-0.0106973
0.00695867	-0.0200079
0.0207779	-0.00647899
-0.00978072	-0.0134308
0.000864006	0.03192
0.0153413	0.00592645
0.000161539	-0.0155692
0.0136381	-0.0200992
-0.0157987	0.00276614
-0.0267447	-0.0331414
0.0213353	-0.0151501
0.00305922	0.00455498
-0.012734	0.0144652
-0.0174246	-0.00873536
0.00185988	-0.00922007
0.000582135	-0.00454188
0.0203867	-0.0132507
0.00141927	-0.00478429
-0.00625752	-0.0319102
0.0304087	-0.00657152
0.00602166	-0.0176217
-0.0239134	-0.00805474
0.0163594	0.0152828
0.0166851	-0.000843628
-0.000206905	-0.00142517
-0.0241506	-0.0405373
0.0200248	-0.0348985
-0.008722	-0.00999637
0.0141163	-0.000272122
0.0282026	-0.00534462
-0.00930708	0.0123338
-0.00312944	0.0258841
-0.00918645	0.00964644
-0.0024608	0.0184855
0.0121147	0.0538347
-0.0179875	-0.0083444
0.00618977	0.0123896
-0.00314112	0.00328219
0.0137365	-0.006004
-0.027187	0.0498369
0.0210356	-0.029716
-0.000990865	0.000830466
-0.0107553	-0.0306644
0.0208307	-7.81253e-05
0.0169554	0.0271221
0.0250666	0.0258106
0.0163528	0.000103921
0.00806264	0.00779632
-0.0109698	-0.0185041
0.0125626	0.0212025
-0.00128848	-0.0136689
0.0269391	-0.00837834
0.0218708	0.00967142
-0.00350781	-0.00405802
-0.00479469	0.00107586
0.00640326	-0.0156751
0.0126528	0.0284853
0.0181272	0.00341697
9.38502e-05	-0.029558
-0.024549	0.0136743
0.0123866	0.0130971
-0.00156074	-0.0228871
-0.000468451	0.0274644
0.00481659	0.0116837
0.0223432	0.0292345
-0.00674546	0.0101611
-0.0331668	0.00959446
0.00279587	0.0544438
-0.0143634	0.015308
0.0345738	-0.0188092
0.0248095	0.00403706
0.0102491	0.0195136
-0.00419659	0.0117575
-0.00974112	-0.0306253
0.0079648	0.0111799
-0.00461418	-0.0128912
-0.0183728	0.0103333
0.00475757	0.00182387
-0.0228781	-0.0149165
0.0118451	-0.0162636
-0.000674245	-0.0284689
-0.0095853	0.00629273
0.00255903	-0.0235163
-0.0314197	-0.0073314
-0.0102411	0.000509323
0.023135	0.0215413
0.00787169	0.00440192
0.0323328	0.00013287
-0.00920878	-0.000104104
-0.0140453	0.00218387
0.0275367	-0.0362439
0.016565	0.000766629
-0.0212241	-0.00251696
-0.00309104	0.0221013
0.00417017	0.00858851
-0.00236621	0.0248715
-0.0328888	-0.00501067
0.0110212	0.0385689
-0.0166935	-0.00932708
0.0419005	-0.00692235
0.0132162	0.00748431
0.030276	-0.0277969
0.0182955	-0.0140037
0.0248111	-0.0135832
0.000820887	-0.00794591
0.0277919	-0.0351532
0.014006	-0.0123005
0.013898	0.0266438
0.0184063	0.0144297
0.0455801	0.0115934
0.000371414	0.0198243
-0.0259432	0.0214543
-0.0181594	0.0462275
-0.0016429	0.0292999
-0.0174286	0.0092228
-0.0194832	-0.0404546
0.0119758	0.00079168
0.00305708	-0.0293159
0.0117831	-0.00831497
0.00576275	-0.0213557
-0.0166748	-0.01426
0.0107615	-0.0135587
-0.0233982	0.0161449
-0.025002	-0.0305189
-0.00637933	-0.020884
0.0391071	-0.00911764
0.0496544	0.0305226
0.0305443	-0.0281227
-0.0221602	0.0190388
0.0491951	-0.0486477
0.00531146	-0.0217605
-0.00598352	-0.0125397
0.0528353	-0.00623099
0.0323738	-0.0164849
0.00232355	-0.0225767
-0.00980015	0.0311509
0.0025233	-0.0153561
-0.0403126	-0.00319493
0.00967961	-0.0368634
0.000462439	0.0215498
0.0141748	-0.00271552
-0.0124485	0.0192683
0.00196069	-0.0142153
-0.0168014	0.00676272
-0.00481888	0.0133457
-0.0366426	0.0143383
-0.0143179	0.00925037
-0.0052579	-0.00220654
-0.00857669	-0.0273366
-0.00417163	0.0071456
-0.0106491	-0.00719384
-0.0229949	-0.00291057
-0.047062	-0.0522026
0.0513995	0.017599
0.0433754	0.001831
-0.0306522	0.0124819
0.00937512	0.0234937
-0.00571872	0.0211512
-0.0214175	-0.00141119
0.00829541	-0.0155599
0.0176903	-0.00766846
0.00738562	-0.00121145
0.0032639	0.0161202
-0.0131352	-0.0290046
-0.0150274	-0.00263762
-0.0108201	0.0431694
-0.0152554	0.0409413
-0.0272786	0.0109114
-0.0182929	0.00233433
0.00708421	-0.00460169
-0.0204207	-0.0128788
-0.0106242	-0.0113065
-0.0261918	0.0109856
0.0368053	0.00623954
0.0321279	0.00704715
0.00964363	-0.0227163
0.0055267	-0.00962635
-0.00843017	-0.004074
0.000783504	0.00975371
-0.00727731	-0.0161584
-0.0278859	-0.0103122
-0.0207048	-0.00562487
0.0152045	0.00868298
0.00837733	0.00845257
-0.00724757	-0.0186066
0.0211728	0.00141486
-0.0111857	0.00905102
0.0220433	0.00294324
0.0211259	-0.00699405
0.000883951	0.00255061
-0.000442665	-0.0173778
0.00689278	0.00505249
0.00830787	0.0034079
-0.00547853	0.0216951
0.0424112	0.023569
0.0100779	0.0173655
0.00701271	0.00431476
-0.0189813	0.00354087
0.00128052	-0.0208541
0.00332737	-0.0132776
0.0214167	0.00480952
-0.0116932	0.00360186
0.0364973	0.0176929
-0.000603452	0.0238286
-0.00190079	-0.0134336
-0.00935834	-0.017796
0.0109525	0.016392
0.0193943	0.00665343
-0.00232112	-0.00288584
-0.0163953	-0.0215057
-0.0107633	-0.0123631
-0.00252456	0.000316042
0.0142854	-0.0173618
0.0111103	0.0372363
0.00263204	0.0111482
0.0080135	0.0127648
-0.0169494	0.00552599
0.000841801	-0.00312517
-0.0112657	-0.00906167
0.0293575	-0.0258665
-5.43843e-05	-0.011764
0.020305	-0.0231217
0.00302428	0.0187863
0.016947	-0.000592542
0.0200093	0.0244349
-0.00224501	0.034014
-0.0121079	0.110991
0.181769	0.0101636
-0.0204953	-0.0361391
-0.0233419	-0.0196795
-0.0376655	0.00493261
-0.00560969	-0.00826968
-0.01589	0.00563726
-0.00713567	0.00959345
-0.0141203	0.00935338
-0.00497842	-0.0159044
-0.00670391	-0.00454594
0.007301	-0.0243853
0.0085115	0.00338285
0.0188149	-0.00824208
-0.00843082	-0.0178913
0.00580172	0.0122451
-0.00452529	-0.0156424
-0.00498217	0.00815425
-0.0095598	-0.0110611
0.00599529	-0.0128235
-0.0203507	0.0171471
-0.00372436	-0.00656713
0.0101736	-0.0233818
-0.0126664	-0.0379354
-0.0056074	0.00639981
0.00906	0.000131134
-0.00563189	0.0197626
0.0135478	-0.000813317
-0.00243084	0.0337363
0.00412959	-0.00546792
-0.0113983	-0.0249567
0.0221519	-0.00664916
0.00543221	0.0144973
-0.0128371	0.0151697
0.0165941	-0.00756949
0.00531086	0.00991052
-0.000166826	-0.00536153
-0.00312483	0.0051619
0.0111409	0.00442683
0.00709246	0.00102439
0.0108426	0.0199534
-0.0177739	-0.00860422
0.00512754	0.000821947
0.00290338	0.0282471
0.0201569	-0.0209563
0.0291726	-0.0150156
0.0138752	-0.0242325
-0.00680861	-0.0115331
0.0352606	0.00410778
-0.0244328	-0.00398383
-0.00243616	-0.0132891
-0.0217302	-0.00221278
0.00440401	-0.000134867
-0.00795878	0.000326387
0.00697372	0.0239333
-0.00681306	-0.00703051
0.0090163	0.0204266
0.0194891	0.0125696
0.0014968	0.00494894
-0.00683602	0.0132085
-0.00828051	0.0236276
0.0115956	0.00366641
0.00199989	-0.000980529
0.0308756	0.0103319
0.0255119	-0.0103189
0.0277567	-0.0148616
0.00966069	-0.00912391
-0.00291928	-0.00566856
0.00717225	-0.0126702
0.0137149	0.00372682
-0.00753307	-0.010522
0.0196057	-0.0168257
0.00296772	0.015447
-0.000737692	-0.00555875
0.0124603	-0.0116294
-0.00608557	-0.00624476
0.0194333	0.0180261
0.00757919	-0.00132075
-0.0226895	0.00253116
-0.00096379	0.00585108
-0.0160087	0.00603922
0.0179667	0.00530127
0.00996266	0.00274635
0.0259747	-0.00910118
0.00221054	-0.0027943
-0.0204331	0.0131368
-0.00161531	0.0131267
0.0307926	0.000781118
0.0129253	-0.0148742
-0.00575378	0.00916644
0.0293167	0.0179702
-0.00205924	0.0213169
0.0113809	-0.00502131
0.018098	0.0127461
-0.0284533	0.0119957
0.01261	0.00857193
0.0055253	0.0132815
0.0126637	-0.00017698
-0.0209995	0.0106094
0.0130377	0.0014743
0.00503364	0.0188369
-0.000885216	-0.00806545
0.00603556	0.0181915
0.0174212	-0.013471
-0.00241642	0.011162
0.00265001	0.000702941
-0.0239681	-0.024884
0.000567473	0.00649282
-0.00698612	0.00407247
0.00528784	-0.00869792
0.00498299	-0.0195662
0.0202518	0.0108609
0.00631421	-0.00219956
-0.0218807	0.0246724
0.0174604	0.0208314
0.00773706	0.0107644
-0.000334951	-0.0197498
-0.00590842	-0.0010913
0.0299852	-0.00561866
-0.028097	0.00705385
0.0243914	-0.000509293
-0.0187353	-0.00648856
0.032969	-0.0179254
0.00842517	0.010732
0.0126676	0.0069186
0.0166401	-0.0264894
-0.000574058	0.00521334
0.0236754	0.0275168
0.00354255	-0.022844
0.0168485	0.00278774
-0.012179	0.00937863
0.00208227	0.0216029
0.00159272	-0.00968291
-0.026226	0.0116609
-0.0375849	0.00211091
-0.00522878	0.0162343
-0.00091959	0.0250288
-0.0258026	0.0163447
-0.0357526	0.0145161
0.00654808	-0.0118082
0.000545022	0.0309826
-0.00334872	0.010661
0.0173728	0.0528399
-0.0329342	0.0273158
0.00749144	-0.00667952
0.00199154	-0.00828162
-0.0122287	0.00891804
0.00779304	0.0244312
-0.0123075	-0.00205611
1.84525e-05	-0.0176262
-0.0244054	0.001389
0.00246013	0.00390765
0.00368401	-0.000377407
0.00725786	-0.0200293
0.026144	-0.00456763
0.0188595	-0.0145043
-0.0172018	-0.00816419
-0.0204668	-0.0209153
0.00913395	0.00277149
0.00750354	-0.00546354
0.00814822	-0.00815105
-0.00168409	-0.0109247
0.00211446	-0.0180873
-0.0108811	-0.0073456
-0.00273615	0.000395626
0.0128061	0.00575283
-6.81386e-05	-0.00288203
-0.000286017	-0.0174137
-0.0126655	0.0201452
-0.0211265	0.0108863
-0.0013539	-0.0220377
-0.0152601	-0.00558612
0.0103784	-0.0402369
0.0164771	-0.0189169
-0.000192634	3.66477e-05
-0.0251416	-0.00376291
0.0160704	0.00353778
0.0258574	-0.0127232
0.0234245	-0.0103654
-0.013994	-0.00481151
0.00498408	-0.0212048
-0.0114458	6.00662e-05
0.031658	-0.00133918
-0.0175414	-0.0256692
0.00146452	-0.0121005
-0.0152198	0.00806043
0.0188652	0.00939754
-0.00893593	0.00725804
0.0084827	-0.0058424
0.0255133	0.00457012
-0.0198883	0.00151785
-0.0016514	0.00201408
-0.0267725	-0.0101385
-0.000135611	0.010621
-0.000586672	-0.014168
0.0106854	0.0236171
-0.00511444	0.00229257
-0.00535138	-0.00496358
0.00432173	0.00950594
0.00315527	-0.0104784
0.0125875	-0.0210562
-0.00485502	-0.0177602
0.00583358	-0.0256475
-0.0206774	-0.00101443
0.0146318	0.0170592
-0.00331345	0.00429135
-0.0134116	0.0147091
-0.00682156	0.0347968
0.0130739	-0.0131202
-0.0208354	0.0066824
0.0134032	0.00013204
0.00732727	0.00151443
-0.0235089	0.0166147
0.0226241	-0.0208072
0.00299215	-0.00783708
0.0137776	-0.0286148
-0.0500977	-0.0142788
-0.0117743	0.00400941
0.00712716	0.00394198
0.00504026	-0.00274578
0.00698493	-0.00338473
0.0116161	0.0135684
0.00891375	0.00387267
0.0129085	-0.00918671
-0.0243069	0.0137591
0.0209792	0.0131195
0.0186085	-0.019278
0.00766321	-0.00111045
0.0150709	-0.0180682
0.0426706	0.000160996
-0.00266058	0.00232244
-0.0125781	-0.00233544
-0.000361717	-0.00769678
0.0032024	-0.00224112
0.0025768	-0.00631446
0.0195906	0.0137806
-0.00785004	0.0129942
-0.00179704	0.0138494
0.0159097	-0.00790723
-0.00684288	0.00434942
-0.0185234	0.0126333
0.00945478	-0.0011041
0.000784871	0.00639317
-0.00551524	-0.00817009
-0.00896628	-0.0100913
0.0046453	0.00307621
-0.0217654	-0.0120798
0.00446011	-0.0198272
0.00715734	-0.0086379
-0.000156827	-0.0157818
-0.0206886	0.00964748
-0.00565994	0.0051471
-0.00718546	-0.0248083
-0.0129087	-0.00811776
0.0378706	-0.00464105
0.0132342	0.0109907
-0.00591027	0.0043257
0.00399716	0.0178532
0.0119124	0.0081391
-0.00361312	-0.0191745
-0.00585676	0.0282428
-0.00686831	-0.00748262
-0.0190557	0.0256061
0.0247629	0.00948411
-0.00936515	0.0390093
-0.0055678	-0.0100169
0.0130867	0.0099009
0.0183754	0.0276014
0.00110587	0.00107424
0.00874836	-0.0141905
0.0052809	0.00649618
0.0168278	-0.0189882
0.010622	-0.00650909
0.0276948	0.0187858
0.0168133	-0.0118789
0.0134944	-0.025144
-0.0194644	8.17878e-05
0.00239726	-0.000787069
0.0050419	-0.0073316
0.0112939	0.00517542
-0.012694	0.00376127
-0.0109327	0.00147309
-0.0153445	0.000890794
0.0149307	0.0165389
0.00638188	-0.00916551
-0.036465	0.00991256
0.0224479	0.000724625
-0.000460061	-0.000635691
0.0158703	-0.0215381
0.00539945	-0.00933924
0.0223383	0.00785506
0.0119086	0.0105877
0.00371176	-0.00718639
0.00824848	-0.0112671
0.0159179	0.000984735
0.00654727	0.00096163
-0.000446652	0.0179861
0.00925814	-0.00153555
0.0227445	0.0277806
0.0116027	-0.00474227
-0.0117529	-0.00278849
-0.00253288	0.0094544
0.0267936	-0.00114363
-0.0166494	-0.00589164
0.00386286	-0.0136414
0.0210981	0.00418239
-0.0159764	-0.0140084
-0.00765432	0.00215678
-0.00506148	-0.00150548
0.00114674	-0.00652263
0.00565231	0.00315628
0.00784003	-0.00922953
-0.0114569	-0.00946643
0.0303909	0.0232381
0.0521947	-0.00349154
0.00645414	0.00280497
0.0101532	0.00927037
-0.00960934	-0.00394978
-0.0389302	0.00803884
-0.0111107	-0.0143502
0.0167072	0.0180293
0.0100203	0.0123776
-0.0103143	0.0280977
0.0205458	-0.0264298
0.0239205	-0.0150688
0.028411	-0.00882579
-0.000539854	-0.030438
0.00413237	0.0115228
-0.0151804	-0.00642026
-0.0333349	0.00275466
-0.00387728	0.00457829
0.00618928	-0.00435542
0.00720184	0.00166835
-0.0159653	0.0263746
0.012395	-1.43315e-06
-0.0049083	0.0158366
-0.0020159	0.0116835
-0.0051837	0.0233396
-0.0257399	0.020457
0.0100876	-0.00571751
-0.00564355	0.00511101
-0.00843292	0.00367459
0.0187107	-0.00239254
-0.0111691	-0.0221813
0.00105626	0.0288242
0.011759	0.0329921
0.0140949	0.0104897
-0.0154393	0.00428929
-0.0295372	-0.0100939
-0.00931196	-0.0123788
-0.0207544	0.00289702
-0.00380631	-0.0294358
-0.0173395	-0.0136084
0.0231299	-0.0317064
-0.0162821	0.0170044
0.00650621	0.015561
-0.0187665	-0.0115235
0.00682553	0.00683688
-0.00770789	0.00165361
0.0134448	-0.0416753
-0.0265927	0.0100913
0.0175379	0.0245095
-0.00513397	-0.00789792
-0.0302037	0.00673039
0.00940023	0.00601607
0.0310362	0.00770399
0.025216	0.010306
-0.0169487	0.0223164
0.0288179	0.0302236
-0.024293	0.0237119
-0.0319338	-0.0310924
-0.000474654	0.021089
0.00373082	0.00645716
0.00240839	0.00958442
-0.00816746	0.0153337
0.00457367	-0.000528717
0.0457493	-0.0286984
0.0371972	0.00452139
-0.0148865	-0.0147412
-0.00700659	0.0133469
0.0101023	-0.0108065
0.0240077	-0.00602117
0.0137673	-0.00764005
-0.0372648	0.0235068
0.0216035	0.0260437
0.0197176	-0.00333069
-0.0376639	-0.0264035
0.0146587	-0.00252221
0.0179183	0.0248445
-0.0203749	0.00203787
0.0146077	-0.00331376
0.0175844	0.000606303
-0.00883053	0.0202189
-0.0180376	-0.00219913
0.00805286	0.00940014
-0.0132904	0.00768816
0.00200436	-0.00637237
0.00714451	0.00842981
0.0294045	0.00222753
-0.0384943	0.00518664
-0.0187201	-0.00510156
0.0343087	-0.013969
-0.0164305	0.0083203
0.0207084	0.0268677
-0.00881492	0.0325928
-0.0161271	0.00347625
0.0107323	0.0262505
-0.0204053	0.00587946
0.0179346	-0.0189389
0.0160767	0.00801641
0.00491366	0.0012538
0.0158301	0.0179538
0.0148342	-0.020784
0.0136604	0.000923847
-0.0118426	0.00244229
0.0184683	-0.0151382
-0.00285556	0.0297085
-0.00176394	0.0106149
0.00814634	0.0155818
0.0364885	0.00661744
-0.00652118	-0.0147221
0.00438221	-0.0154996
-0.00298358	-0.00334995
0.0213341	-0.0306493
-0.0100023	0.0226836
-0.0176365	-0.00430057
0.0212233	-0.0215703
-0.00466082	0.0100207
-0.00202614	0.00413031
-0.0068809	0.0190924
0.0130044	0.00323255
0.00873576	0.00450043
-0.0107278	0.00198519
0.00411445	0.0029361
-0.024734	0.00332076
0.00150908	-0.0123935
0.0332613	-0.0010729
-0.00311981	-0.0133247
-0.00935878	0.0104266
0.0105544	0.0142166
0.00896724	-0.0179698
-0.0063251	-0.00795682
0.024222	-0.0211967
-0.0253219	0.033244
-0.00502058	0.0082405
0.0029848	-0.0660148
0.00253922	-0.00149541
0.00554194	-0.0272272
0.0136834	0.0132132
0.0340206	-0.0096544
-0.0265582	0.0395437
-0.00083492	-0.0147864
-0.00997749	0.0183088
0.0246614	-0.0425791
-0.0161844	0.0382351
0.00394432	-0.00644739
0.0283908	0.00480169
-0.0100274	0.0155696
-0.018275	-0.0125573
-0.0268645	-0.0299703
0.0377517	0.00725147
0.0372772	-0.0254798
-0.02259	0.0180231
-0.0053894	-0.0155214
-0.0144254	0.0331341
0.0028165	0.0205887
0.0355342	0.00282892
0.0212703	-0.00538768
-0.0300493	-0.00479194
0.0292865	0.00622512
0.0272955	-0.00717891
-0.0168564	0.0268938
0.0196675	-0.0268004
0.00331181	0.0154622
0.0205593	0.00164565
0.00426374	-0.00877808
-0.0132595	0.0190771
0.00548276	0.0106439
-0.0307186	0.00907926
0.0209134	-0.0316244
0.0108406	-0.0184915
0.00194874	0.0447632
-0.0132727	0.00521452
0.0089496	0.0229374
0.0328005	0.0363331
-0.0119869	0.00970731
0.00157425	0.0248729
-0.00726939	0.0194765
0.0402351	0.0253603
0.0145254	-0.0123499
-0.0121443	0.0328747
0.0357756	0.0549583
-0.0151799	-0.00527513
0.0430485	0.0155685
-0.0182308	0.00387812
0.0166152	0.0277128
-0.019229	-0.00849852
-0.0204874	-0.010128
-0.00231631	-0.0168156
0.0127124	-0.00240522
0.00547094	-0.00343331
0.0337358	-0.0246341
0.00680191	-0.0265129
0.0434791	0.0213942
0.0209225	-0.0120938
0.00541106	-0.00328729
0.0222673	-0.0210387
0.0534633	-0.00924246
0.00703792	0.0253054
0.008999	-0.0065572
-0.0100246	0.010135
0.0155575	0.0292582
0.0296039	-0.00602044
-0.0146138	0.0510746
0.0424979	-0.014665
-0.0283425	-0.00785121
0.00916178	0.0189796
0.0354217	-0.0404729
0.00830505	-0.0133435
0.0100191	0.0120673
-0.00398096	-0.0293703
-0.0257794	-0.0446894
0.00841333	-0.0461814
0.00695047	-0.0138989
-0.0148306	-0.0247867
-0.041429	-0.0592234
0.00378155	-0.00822639
0.0172277	-0.031532
0.0142166	-0.0107095
-0.0174298	-0.0215913
0.0271472	0.0225532
-0.0047156	0.00908547
0.0168279	0.0171049
-0.00903696	0.0141286
-0.0280506	0.0641521
0.0379421	-0.277759
0.110209	-0.0181195
0.0328467	0.0124552
-0.0197014	-0.0517111
-0.00994825	0.0416544
0.00191641	-0.0192043
0.00812857	-0.0439292
-0.0139432	0.0163904
-0.0154721	0.0185092
0.0120726	0.0168723
0.0188906	0.0353258
0.0216873	-0.0259527
0.00663708	-0.0135455
-0.00751446	0.0117373
0.0190573	-0.041668
-0.0276802	-0.019931
-0.00187105	-0.0344786
-0.00512261	0.0104985
0.00449928	0.0453192
-0.016304	-0.0152634
0.0271241	-0.000711708
-0.0416169	-0.0105414
-0.0273765	-0.00878093
-0.0407225	-0.0123078
0.0243839	0.0507306
0.0209185	0.0109812
-0.0151005	-0.0363805
-0.0213356	-0.00152
0.00242228	0.0515359
0.040546	-0.0326594
0.0268971	0.0349314
-0.00730871	-0.0352557
-0.0113179	-0.0507563
0.021959	0.0165618
0.0247637	-0.0146433
0.0299281	-0.005803
0.0261122	-0.0216868
0.000451732	0.0351033
0.00717403	0.0192538
-0.0047496	0.0219885
0.00595655	-0.00150035
-0.0234921	0.0141288
-0.0167759	-0.00944727
-0.00755432	0.000970236
0.0118139	-0.00213801
0.00689656	0.0262887
0.017629	-0.0139626
0.0280175	0.00482963
0.00835099	-0.0184569
-0.000313559	-0.022508
0.00319579	-0.00666965
0.017475	0.00921029
0.0240393	-0.0279047
-0.00927092	0.00979701
0.0397247	-0.0109372
0.0135235	0.0122657
0.0288355	-0.0149524
0.0209841	0.0171946
-0.0228391	-0.022774
0.0351888	-0.00622906
0.0111473	0.0519269
-0.0350732	-0.0131246
-0.00304046	0.0102163
-0.00939466	-0.00555491
0.045342	0.0219424
0.052018	-0.00259748
0.036209	-0.0496559
0.0108117	0.0131158
0.0137941	-0.0337362
0.0185757	-0.0176466
-0.00578606	-0.0255725
-0.0159682	0.0313273
0.022556	0.0302388
-0.000331069	-0.0142121
-0.0445574	-0.0318954
-0.00696285	0.00438092
-0.00577186	-0.00590059
-0.0197381	-0.0171984
0.00815774	0.00434635
0.0314867	-0.0163622
0.0365794	-0.0433721
-0.0301019	-0.00668501
-0.0139806	-0.00668491
0.00156531	-0.0283631
-0.000635642	-0.0498019
0.00731199	-0.0290304
0.0148415	0.00909624
-0.00966295	-0.0355432
-0.00602944	-0.0342932
0.0429344	0.0305217
0.0136675	-0.00121865
0.0330312	0.0417539
0.011129	0.0262107
0.0376065	0.0127677
-0.0530616	0.0273411
0.0411028	-0.0246124
-0.0840089	-0.0268934
-0.0138199	0.0344666
-0.0132578	0.044392
0.0234462	0.000325034
0.011983	-0.0286881
0.0164106	0.0447043
-0.0156615	-0.0452929
0.0172453	0.0385501
-0.0380238	-0.00240168
-0.0216092	-0.00897514
-0.03362	-0.0146332
0.0297669	-0.013979
0.0455232	-0.00827206
-0.0201591	0.0293051
0.00725128	0.0117734
-0.00934214	0.0246992
0.00619557	-0.0304595
0.0216972	0.0292951
-0.0091783	-0.0208207
0.00919209	-0.00857038
0.0502053	0.034271
-0.0199202	0.0149785
0.0191525	-0.0117876
-0.0117092	-0.0145496
-0.00904466	0.0476974
-0.0296581	-0.0226079
0.0242568	0.0307176
0.0389971	-0.0172595
0.00554163	-0.0266337
0.0173966	0.0315247
0.024262	0.0226677
0.0551986	-0.0295088
-0.0314868	0.0265455
0.0482061	0.0601934
-0.0418643	0.0109263
-0.0116435	0.0281447
0.0130206	-0.00337414
-0.0273505	-0.00722971
-0.00268154	0.0373175
-0.0536178	-0.0104933
-0.00353936	-0.0375764
0.0128594	-0.0110439
0.0269299	0.016031
0.0296543	0.00402703
0.0279073	0.0328969
0.00328122	-0.0173046
-0.0130884	-0.00659623
0.000306721	0.00859743
0.0156456	0.0281189
0.00711851	0.0251778
0.00794603	-0.00250902
0.00165636	0.00886838
0.030025	0.00591338
0.00257583	0.0159981
0.0177539	0.0130255
-0.0603714	0.177879
0.0788136	-0.48568
-0.12404	-0.170707
0.0525793	-0.101319
-0.00950627	-0.0226271
-0.00541038	-0.0622083
-0.0001988	-0.0208836
0.0300085	0.0283486
0.0251516	-0.00685088
0.00127965	-0.0320609
0.0313694	0.00200674
-0.00103427	-0.0150158
-0.0339346	-0.00881346
0.0219823	0.0222789
-0.0226454	-0.014574
-0.009023	-0.00603144
-0.00512509	0.0363398
-0.0135932	-0.0282199
0.00214322	-0.0106334
0.00277627	-0.00882409
-0.0147388	0.010048
-0.00861923	-0.00343921
0.0181872	-0.00586039
0.0125771	0.00740583
-0.0168362	-0.0168945
-0.00806361	-0.0376693
-0.00262941	0.0332392
0.0195727	0.0346798
0.0345067	-0.0401878
0.034103	-0.000124968
-0.0314361	-0.0253979
9.33101e-05	0.0129129
0.011459	-0.021054
-0.0299196	0.00939669
-0.0143348	0.0142399
0.00206115	-0.0111358
0.00752683	0.00425916
-0.00348274	0.000481378
0.00757729	-0.0227119
-0.0162293	-0.0231834
0.00445482	-0.0019517
0.00832452	0.00816281
0.00540358	-0.00095388
0.0134111	0.0121063
-0.0350491	-0.00296253
-0.00928827	0.0030303
0.006751	0.0120429
-0.0169443	-0.0511391
-0.00633509	-0.0122457
0.0562227	0.00341847
-0.00432114	0.0288083
0.0112867	0.0237133
0.0014581	-0.0236331
-0.00911529	-0.0160458
0.0461613	-0.0197237
-0.0266595	-0.00907652
0.0236327	0.00914857
-0.0372543	-0.0100568
0.0209311	-0.011045
-0.0166535	0.0178158
-0.0265867	0.0175315
-0.0185114	-0.0165434
-0.0211299	-0.00980567
-0.0188556	0.00598782
0.03195	0.0264933
-0.00638929	-0.0121456
-0.00495493	0.0186308
-0.0104825	0.0135487
0.0299207	-0.00856071
-0.00703529	0.0168721
0.0355338	-0.00842595
0.020077	-0.0116275
0.0068889	-0.0235045
0.0264054	0.0196635
-0.00548563	-0.00800798
0.0313996	0.0238317
-0.0354442	-0.02847
0.00917467	-0.0136585
0.0199274	-0.0306142
0.00774385	0.00814756
-0.0093965	-0.00756543
-0.014992	-0.00259688
0.0194369	0.00357807
-0.0235641	-0.00291879
0.032851	-0.0123988
4.48289e-05	0.0102096
0.0217625	-0.0109214
-0.00691936	-0.014345
0.00190087	0.00506568
-0.0321631	-0.0107404
0.0325677	0.0142512
-0.00957941	0.0386293
-0.0345508	0.00512654
0.00640158	-0.000623705
-0.00126783	-0.014018
-0.0225134	-0.00146736
0.038812	-0.0044733
-0.0158958	0.0173172
-0.00688957	-0.0318013
0.0155533	0.00739844
0.0134123	-0.0325949
-0.0140803	0.0192271
-0.0118343	0.00458041
-0.0137724	0.0117585
-0.0106981	-0.00144799
-0.0228649	-0.00612044
0.0521728	0.0318634
-0.032953	-0.0165926
3.16226e-05	0.00660841
-0.0233539	-0.0333428
0.00173787	-0.0302319
0.0182754	0.00935683
0.0249767	-0.0181206
0.0340223	-0.00156907
-0.00572178	-0.0177579
0.0144236	0.0223718
-0.00265961	-0.019554
0.00983042	-0.00204536
-0.0103933	-0.034469
-0.0355055	0.0190641
-0.00647671	-0.00530813
-0.0087837	0.0321452
-0.0093164	0.00747689
-0.0276576	-0.0185631
0.0289778	-0.00443291
0.00530588	-0.015514
0.0190639	-9.64363e-05
0.0310494	-0.0150054
0.0316418	-0.00101606
0.00733767	0.00276235
0.00127181	0.0115215
0.0213733	0.00086975
0.0081281	-0.0326294
-0.00943411	-0.00195011
-0.00860232	-0.000171222
0.0176425	0.00293257
-0.00283795	-0.00164908
0.0203649	-0.034162
0.0236788	0.0120744
-0.000358411	0.000679944
-0.00702085	0.0202858
0.000362524	0.0199683
-0.00132743	-0.0164141
-0.000302965	-0.000822096
0.0121954	0.0218627
-0.00639653	0.0414347
-0.00668898	-0.0216786
0.0164792	0.0172742
0.0121744	-0.00550282
-0.0420222	0.00790944
-0.00480293	0.0111944
0.0295909	0.000398458
0.0250046	-0.00761213
0.00368294	0.00819471
0.0231106	-0.0123507
0.00625224	-0.0108653
0.0149036	0.012447
0.0103701	-0.00684259
0.0045768	0.020903
0.0125518	-0.00690865
0.0175964	-0.0533022
0.0146707	0.00231722
0.0308756	0.0144384
0.00784965	0.0152518
-0.00499983	-0.000895888
0.0187097	0.000847363
0.00332962	-0.012672
-0.000516677	0.0177332
-0.0260895	-0.00643769
0.003748	-0.0218745
0.0156924	0.00166787
0.0136283	0.00121617
0.00304894	0.00806775
-0.00615582	-0.0130183
0.00776696	-0.00188012
-0.0147566	0.00176565
0.00157508	0.0124454
0.00327168	-0.0148101
0.00731151	0.0184643
0.00347593	-0.0081048
0.00849847	-0.0135286
0.00615764	-0.00974606
-0.0241534	0.00366142
0.0145248	-0.0113791
0.0210978	0.0155263
0.00528607	-0.0268803
0.0220974	0.00439501
0.025005	-0.0154657
0.000163759	0.0116947
-0.0121839	-0.0096253
0.0266971	0.00685981
0.0079923	0.00545424
-0.0365319	0.00833375
-0.00386153	0.015825
0.000425019	-0.0171077
0.0154119	-0.038577
-0.0136957	-0.00439481
-0.0200994	0.000655343
-0.0179932	0.010001
0.0296729	-0.0109828
0.00716397	0.0233644
0.0111809	0.00464605
-0.0206353	0.00194916
-0.00541025	0.00566797
0.00871145	-0.0249937
-0.00908552	0.00406916
0.0116668	0.0272622
-0.0227044	-0.00233996
0.00795964	-0.0162627
0.0336465	0.00124044
-0.0176077	0.00839872
-0.0281442	0.0236326
0.0140046	0.035909
0.00370037	0.0102749
-0.00493012	-0.00368485
0.0129784	0.00105199
0.0117036	0.00827964
-0.00654458	-0.00583005
-0.0035681	0.0112074
0.0297244	-0.00220992
-0.0198903	-0.0220132
-0.0100534	0.0095632
-0.00737882	-0.0201912
-0.024036	-0.0174936
-0.0313633	-0.00522377
0.00477461	-0.00346712
0.0117992	0.00105789
-0.00218305	0.0152491
0.0185111	0.00859851
-0.0126508	-0.0183466
0.0130779	-0.00347845
0.0183199	0.00324017
-0.0185598	-0.00445304
0.000396212	0.00563518
0.0216002	-0.00222974
0.00364115	0.00528007
0.00958345	-0.0108203
0.000176239	-0.0323285
0.00549333	-0.0133323
0.00528385	0.0183015
0.027529	-0.0112825
0.00224112	-0.00902768
0.00358927	-0.001033
0.0293681	0.0113855
0.0255181	0.00804793
0.0380613	-0.00289183
0.0132327	0.0142867
0.0218268	-0.00351528
-0.0140598	-0.00968801
0.0268683	0.0162994
0.00261544	0.00804945
-0.0248843	0.0101925
0.0177654	-0.0186985
0.00418817	-0.0232636
-0.00319817	-0.0149736
-0.00387953	-0.0270266
-9.1146e-05	-0.0122755
-0.0173777	-0.0121018
-0.00215092	-0.00472595
-0.0041074	0.00878809
0.00304846	-0.0136671
-0.00144734	-0.00797255
0.00745296	-0.0129922
0.00882454	-0.0208474
-0.00259954	0.0215068
-0.0103459	-0.0037708
-0.00280846	-0.000440037
0.00677504	0.00914563
-0.000719161	-0.00135134
-0.00341529	0.00745923
0.0232071	-0.000480003
0.0157083	0.00698077
0.00426931	-0.00891918
0.0187637	0.000840841
-0.0174963	0.00699659
0.0091312	0.00404447
-0.00322421	-0.023512
-0.00766045	0.00560736
-0.00483085	-0.0148232
-0.0189536	-0.0185893
-0.0154829	0.0112913
-0.00242253	-0.000798987
-0.00633278	0.00358692
0.00291784	-0.0138266
0.00861115	0.00235922
-0.00750813	-0.00710767
-0.00943257	0.00480163
0.0161034	0.00714883
0.000627288	-0.000766582
0.00544541	-0.0244164
-1.26512e-05	-0.00552423
0.00280802	0.015714
0.0261083	-0.000932374
0.0134482	0.0137058
-0.0085579	0.00143512
0.000768109	-0.00841062
0.00939701	0.0262009
-0.00630059	-0.0211759
0.0115409	-0.0014469
-0.0060301	-0.0031682
0.00499422	0.0120718
-0.00936841	-0.0165876
-0.00638434	0.00114161
0.0210787	-0.00136848
-0.00197227	-0.0137227
0.00448231	0.00685071
-0.00160261	-0.0174358
-0.00481015	-0.0114274
-0.00607356	-0.00525415
0.00672207	-0.00536533
0.00191538	-0.00358658
0.00806887	0.00691371
0.0187401	-0.0138906
0.00809846	0.00520244
-0.00468965	0.00180654
0.00952598	-0.0216293
-0.00577832	-0.0115624
0.00918985	0.00179088
0.00314077	0.000230963
0.00276742	0.0042128
0.0209094	0.000734946
-0.00392915	-0.00783756
0.00158011	-0.0124816
0.00564274	0.00831451
0.00634148	0.0104294
0.00595728	0.00206357
-0.00446014	-0.00960738
0.00861614	0.0134551
0.0110131	-0.00267629
0.00242323	-0.0169102
0.0102328	-0.0137735
0.0104513	0.00459782
-0.0215152	-0.00541795
0.00984438	-0.00168183
-0.0159822	-0.0288744
0.00462228	0.00290663
0.0132543	0.00239135
-0.0309448	-0.0256412
0.00500115	0.0137176
0.0163265	-0.00899533
-0.0013311	-0.00198404
0.0171826	-0.00270662
-0.0104683	-0.00291209
0.000166615	0.0034837
0.0108845	0.00131458
0.00566682	-0.00933217
0.00393042	-0.0104969
0.0140697	0.00414069
0.0164983	0.00891589
0.000930785	-0.00975642
-0.00785052	-0.000439138
0.00596945	-0.00396053
0.0106648	0.00491806
0.00339285	0.00184858
-1.43518e-05	-0.00516181
0.00705874	-0.00362687
0.0136909	0.011912
0.0174154	-0.0113639
0.00561863	-0.0136447
-0.0151422	-0.0055385
0.00237713	-0.00876768
-0.00679528	-0.00339875
0.00777739	0.0161505
0.00427489	-0.00555815
-0.0221242	0.028894
-0.00492179	-0.0200288
0.0256559	-0.00630414
-0.00302254	-0.0268918
0.00467092	0.000579205
0.00472054	0.0170272
-0.0164137	-0.00839145
-0.00832821	-0.0215345
0.0223964	0.0132577
0.00596529	-0.0127253
0.0190176	-0.0163065
0.0134994	0.0253826
-0.00406946	-0.0144047
0.0162279	-0.0305974
-0.0186408	-0.0152001
0.00603167	0.00820649
-0.00258932	0.0153422
-0.0175265	0.00688504
0.012966	0.0125712
-0.00162622	0.00522898
-0.00856314	-0.013347
-0.015883	-0.0231495
0.00564096	-0.00686506
0.00191283	0.0110225
-0.00482826	0.00266649
0.00954145	-0.0042001
-0.0137129	-0.0114259
0.00678522	0.00341363
-0.00725639	0.00160316
0.00949138	0.0124664
0.0127753	0.0132227
0.00196211	0.0108533
-0.00960856	-0.0189188
0.0160551	-0.00644817
0.000727069	-0.0142282
0.0115294	0.00106489
-0.0267916	0.00395814
-0.0177796	5.75711e-05
-0.00341579	-0.00924012
-0.0124914	-0.00324105
-0.00237755	0.0124909
0.000746783	-0.00183591
-0.00715766	-0.0206863
-0.00536188	0.00474428
-0.0121319	-0.00742107
0.0213359	0.0108069
-0.0105298	7.5988e-05
-0.00608348	-0.00157134
0.00662727	-0.00989822
0.00314014	-0.00340739
0.019271	-0.00367946
0.00328157	-0.0040468
-3.9514e-05	0.00226067
-0.00366663	-0.0180612
-0.00780957	0.00922769
0.00321361	0.00275045
-0.00989395	0.0120621
0.00522694	-0.00104115
-0.0195758	0.00344444
-0.0123057	-0.0066418
-0.00675127	-0.00657465
0.0191213	0.00781376
-0.00015423	0.0115325
0.00930566	0.00342183
0.00531174	-0.0171367
0.00350614	-0.0255316
0.0120513	0.017096
-0.00705398	-0.0166169
-0.033286	-0.0216068
-0.00394977	0.0176638
0.00662473	0.0141208
0.00802731	0.00251479
0.00728454	0.00677075
0.00442988	-0.0149596
-0.00709648	-0.00473799
0.00650224	0.00473056
0.0117163	-0.00778681
-0.00925036	0.00100552
0.01153	0.000347306
0.00674159	0.00740807
-0.00209259	-0.00343794
-0.000803507	-0.0120655
0.0263206	-0.00424636
-0.00501524	-0.00113462
-0.000357564	0.00119287
0.00077301	-0.0191041
0.0037447	-0.00677575
0.00706542	-0.0132855
0.0056588	-0.00470867
-0.00628829	-0.0220034
0.00738419	0.0150386
-0.0104636	0.00399581
0.0173233	-0.00470377
-0.0139698	0.0162976
0.000716505	0.0114301
0.00638965	-0.00672097
-0.00500854	0.00289785
0.00413515	0.00526693
0.0109702	0.00387937
-0.00338333	0.0054574
-0.00840994	-0.00898051
0.00481113	0.00866009
0.00450761	0.00138414
-0.000642626	-0.00532327
0.00364006	-0.00470843
-0.00825294	-0.0106823
0.0125655	-0.00744718
-0.000271348	0.0117059
-0.000556837	-0.00246518
0.0115424	-0.0145382
-0.00892693	-0.00127903
-0.00946966	-0.00984874
0.013627	0.00547067
0.00183366	-0.0014085
-0.00808392	-0.014912
-0.010284	-0.000283164
-0.00307077	0.00940516
-0.00339704	-0.00802825
-0.00487029	-0.010114
0.0190008	0.0032075
0.00699061	-0.0016168
-0.00616052	-0.00234933
0.00187457	-0.00829656
0.0121675	0.00121669
0.0018054	-0.0053876
-0.0131881	-0.0133194
0.00628908	-0.00865536
-0.00271981	0.0129283
0.00584758	0.0129001
-0.00346401	-0.000692374
-0.0102077	0.00176453
0.00304227	0.00746465
0.00761252	-0.00825117
-0.0208019	-0.0219428
0.00451894	-0.0117859
-0.00194143	0.00379519
-0.00420577	0.0111252
0.00218705	-0.00983707
-0.00857723	0.00516486
0.0147283	-0.000851123
0.00333989	-0.0221548
-0.00187202	0.0108277
0.000111183	0.00402631
0.0117553	0.000890239
0.00457736	-0.00907593
-0.00375699	-0.000738949
-0.00862273	0.0136066
-0.00190425	-0.010671
0.00106405	0.00787122
-0.0150767	0.00539831
-0.00515012	-0.00277907
-0.000281503	-0.0192244
0.0111798	0.000173548
0.00805695	0.00848467
0.00417919	0.00538068
0.00809288	0.0082808
0.000307894	-0.00193189
-0.00119331	0.0094629
0.00096361	-0.0114727
0.00415111	0.00321886
-0.00472387	-0.00816859
0.0178518	0.0146473
0.000325639	-0.00134836
-0.00343492	-0.0125505
-0.000867482	-0.00126381
-0.00140678	-0.00616205
-0.0100503	-0.000847073
0.00561196	0.00091446
-0.00659824	-0.0105586
-0.00359315	-0.0117301
-0.00220317	-0.00745765
0.00406946	-0.010552
-0.00443928	0.0180225
0.00165437	0.00971313
0.0102126	0.00761862
-0.00754566	0.00896612
0.00761495	-0.00535087
0.0341889	-0.00852493
0.00550463	0.00201176
-0.0143627	-0.0301688
-0.0323718	0.00188918
0.0624316	-0.0274836
-0.00432244	-0.0333876
-0.00970422	-0.0199732
0.0117981	0.00618786
0.00291015	-0.00519678
0.000744003	0.0261618
0.00599599	0.000664666
0.0172144	-0.0121389
-0.00469602	0.0251455
-0.00327099	-0.0243426
-0.0171194	0.00830976
0.0210559	-0.00973285
0.00721385	0.00843162
0.0044328	-0.01056
-0.00358394	-0.00370793
0.00473175	-0.00135311
0.0175992	-0.013108
-0.0080274	0.00357103
0.013761	0.000446379
-0.00298445	-0.00230504
0.0150677	-0.00480236
-0.00613693	-0.00552468
-0.00162076	-0.00920278
-0.00222276	-0.00043493
0.0109073	-0.0146087
-0.0079938	-0.00645179
-0.00117815	-0.0143699
-0.0131015	-0.0118563
-0.00359044	-0.000836649
0.00249279	0.00518863
0.00915452	-0.00795941
-0.00174496	0.00829035
0.00450427	0.00385944
0.00123464	-0.00662336
-0.00308449	-0.012618
0.0166156	0.0146524
0.0107963	-0.000182758
0.00737235	6.68417e-05
0.0104724	-0.0183826
-0.0165802	-0.0103162
-0.0108015	-0.00578799
-0.00895021	-0.000505047
0.0147499	0.0116185
-0.00406347	-0.0136835
0.00267227	-0.00672293
-0.00242803	0.0131892
0.00213379	0.00282377
-0.00459522	-0.00744633
-0.00986532	0.0104984
0.003243	-0.00370677
-0.00493696	0.00350474
0.00164221	-0.00620507
-0.000951976	0.00972834
-0.00423929	0.0100121
0.00195085	-0.006854
-0.00304972	0.00297951
0.0171216	-0.000592198
-0.00564052	-0.0026691
-0.00316676	-0.00780748
-0.0189361	0.00109631
-0.00347034	0.00501438
-0.0140526	0.0108224
0.00120821	-0.0185676
0.00022251	0.0155517
0.0327947	0.00848096
0.00270927	0.0072667
0.00560113	-0.0170128
0.000242678	-0.0053259
-0.0110782	-0.0108149
0.00211708	-0.00762663
0.00779049	0.0016261
-0.00133098	0.00538841
-0.0219435	-0.00607376
0.011725	0.00170924
0.00817865	0.00387885
0.0103651	0.000586539
0.0106905	0.00131049
-0.0118135	-0.00570718
0.0113662	-0.000141001
-0.00672366	-0.0150216
0.00233766	0.00469469
-0.00986436	0.0162063
-0.00469037	0.00820215
0.00465439	-0.00249538


Debug information end.
